"Age","BusinessTravel","Department","DistanceFromHome","Education","EnvironmentSatisfaction","Gender","JobInvolvement","JobLevel","JobRotation","FeedbackFromManager","Mentoring","Adaptability","Proactivity","Autonomy","JobRole","MonthlyIncome","MonthlyRate","NumCompaniesWorked","OverTime","PercentSalaryHike","RelationshipSatisfaction","StockOptionLevel","Tools","TotalWorkingYears","Training","WorkLifeBalance","YearsAtCompany","YearsInCurrentRole","YearsSinceLastPromotion","YearsWithCurrManager","Performance"
33,"Non-Travel","Production",16,2,2,"Male",2,1,2,"L","Y",3,1,"Y","Machinists ",2008,20439,9,"No",12,3,3,"L",1,"Y",2,1,1,0,0,62
47,"Non-Travel","Sales",24,4,3,"Male",3,2,2,"L","N",3,1,"Y","Sales Executive",4978,3536,8,"No",11,4,1,"L",4,"Y",1,1,0,0,0,54
29,"Travel_Rarely","Production",13,3,1,"Male",2,3,4,"L","N",2,1,"N","Production Supervisors",5929,6522,8,"No",15,1,1,"H",6,"Y",1,4,7,1,3,30
42,"Travel_Rarely","Production",19,3,3,"Male",2,1,2,"L","Y",2,3,"Y","Machinists ",4841,24052,1,"No",14,2,1,"H",4,"Y",3,1,0,0,0,70
32,"Travel_Rarely","Finance",19,3,1,"Female",2,2,1,"L","N",3,3,"Y","Accountant",9189,10108,6,"Yes",15,1,1,"H",5,"Y",3,4,7,1,6,29
40,"Travel_Rarely","Sales",6,2,3,"Male",2,2,1,"L","N",3,3,"Y","Sales Executive",6380,6110,2,"Yes",12,1,2,"L",8,"N",3,6,4,1,0,35
38,"Travel_Frequently","Human Resources",24,4,4,"Male",3,1,3,"L","Y",2,2,"Y","Human Resources",2991,5224,5,"Yes",11,2,1,"L",7,"Y",3,6,2,1,2,75
60,"Travel_Rarely","Sales",19,4,2,"Male",4,2,3,"L","N",3,1,"Y","Sales Executive",5220,10893,9,"Yes",18,2,1,"L",12,"Y",3,11,7,1,9,71
43,"Travel_Rarely","Research & Development",10,3,1,"Female",2,2,2,"H","N",2,3,"Y","Research and Design Specialists",4081,20003,7,"Yes",14,1,0,"H",20,"Y",1,20,7,1,8,73
25,"Travel_Rarely","Production",2,3,1,"Male",3,1,1,"L","N",3,3,"N","Machinists ",4031,9396,5,"No",13,3,1,"L",6,"N",3,2,2,0,2,47
33,"Travel_Frequently","Sales",12,3,2,"Female",3,2,2,"H","Y",1,3,"Y","Sales Executive",4539,4905,6,"No",12,1,1,"L",10,"Y",2,10,7,0,1,52
20,"Travel_Rarely","Sales",5,3,3,"Male",4,1,2,"L","Y",3,1,"N","Customercare Representative",2678,5050,8,"No",17,4,0,"H",2,"N",3,2,1,2,2,41
39,"Travel_Rarely","Human Resources",9,3,3,"Female",4,2,2,"H","N",3,3,"Y","Human Resources",6389,18767,9,"No",15,3,1,"L",12,"Y",1,8,3,3,6,59
30,"Travel_Rarely","Sales",7,1,3,"Male",3,1,2,"H","N",2,3,"Y","Sales Representative",2476,17434,1,"No",18,1,1,"L",1,"Y",3,1,0,0,0,59
34,"Travel_Rarely","Production",16,2,1,"Male",3,2,4,"L","N",2,3,"N","Manufacturing Director",4325,17736,1,"No",15,3,0,"L",5,"Y",3,5,2,1,3,32
34,"Travel_Rarely","Production",6,3,2,"Male",3,1,1,"L","N",2,3,"N","Machinists ",2008,6896,5,"No",14,2,2,"L",1,"N",3,1,0,1,0,47
36,"Travel_Rarely","Finance",5,4,1,"Male",3,3,1,"L","Y",2,3,"Y","Accountant",8424,9266,7,"No",18,2,0,"L",5,"N",1,4,2,1,6,73
30,"Travel_Rarely","Production",20,3,4,"Male",1,1,2,"H","Y",3,2,"Y","Machinists ",3833,24375,6,"No",21,3,2,"H",7,"Y",3,2,2,0,2,73
29,"Travel_Frequently","Sales",6,3,3,"Female",3,1,4,"H","Y",1,3,"Y","Customercare Representative",2157,18203,3,"No",15,2,1,"L",3,"Y",3,3,1,0,2,63
20,"Travel_Rarely","Sales",16,3,3,"Female",2,1,4,"H","Y",2,3,"Y","Customercare Representative",2044,22052,9,"No",13,4,0,"L",2,"Y",2,2,2,0,2,67
26,"Travel_Rarely","Production",17,3,1,"Male",3,1,2,"L","N",1,1,"N","Machinists ",2377,19373,1,"No",20,3,1,"L",1,"N",2,1,1,0,0,24
42,"Travel_Rarely","Production",17,3,4,"Female",2,1,4,"H","N",3,3,"Y","Machinists ",2593,8007,0,"Yes",11,3,1,"H",10,"Y",3,9,6,7,8,63
58,"Travel_Rarely","Research & Development",9,4,1,"Male",3,1,2,"H","Y",3,3,"Y","Research and Design Specialists",2372,26076,8,"No",12,4,2,"L",2,"Y",3,2,2,2,2,61
58,"Travel_Frequently","Production",6,1,4,"Male",2,1,2,"H","N",1,2,"N","Machinists ",2380,13384,7,"Yes",14,4,1,"L",3,"N",2,1,0,0,0,24
37,"Travel_Rarely","Finance",9,4,1,"Male",2,3,2,"L","N",2,3,"Y","Accountant",9670,10637,8,"Yes",19,2,1,"L",8,"N",1,10,2,2,2,34
46,"Travel_Frequently","Production",4,3,2,"Male",4,3,3,"L","N",2,2,"N","Production Supervisors",5100,5610,2,"Yes",20,2,0,"H",5,"Y",3,10,2,3,7,40
55,"Travel_Frequently","Production",25,3,1,"Male",3,1,3,"L","N",1,2,"Y","Production Supervisors",6247,7496,4,"No",19,2,0,"L",5,"Y",3,2,4,1,3,37
18,"Travel_Rarely","Production",4,3,3,"Male",3,1,2,"L","N",1,3,"N","Machinists ",1420,25233,1,"No",13,3,0,"L",0,"N",3,0,0,0,0,42
24,"Travel_Rarely","Production",17,1,4,"Female",2,2,1,"L","N",1,3,"N","Manufacturing Director",4377,24117,8,"No",15,2,2,"L",5,"N",3,4,2,3,2,40
27,"Non-Travel","Research & Development",9,3,3,"Male",2,1,1,"H","N",3,3,"Y","Research and Design Specialists",2566,25326,1,"Yes",15,4,1,"L",1,"Y",2,1,1,0,1,55
47,"Travel_Rarely","Finance",9,3,1,"Male",2,2,3,"L","Y",2,2,"Y","Accountant",9839,10823,2,"Yes",20,1,0,"H",7,"Y",3,5,3,1,4,66
49,"Travel_Frequently","Production",7,2,1,"Male",2,2,1,"H","Y",2,3,"N","Machinists ",4284,22710,2,"No",20,1,0,"L",20,"N",3,4,3,1,3,15
38,"Travel_Rarely","Research & Development",1,3,4,"Female",3,3,2,"H","Y",2,3,"Y","Research Director",13582,16292,2,"No",13,2,1,"L",15,"Y",3,15,12,5,11,59
31,"Travel_Rarely","Research & Development",8,4,3,"Male",3,1,3,"H","N",3,3,"N","Research and Design Specialists",2695,7747,0,"Yes",18,2,1,"H",3,"Y",1,2,2,2,2,75
53,"Travel_Rarely","IT_Suppport",13,4,2,"Male",3,3,1,"L","Y",1,3,"Y","IT specialists",5782,6360,7,"No",17,3,1,"H",5,"Y",3,8,2,2,7,57
44,"Travel_Rarely","Research & Development",11,3,4,"Male",3,4,2,"H","N",2,3,"Y","Research Director",16328,22074,3,"No",13,3,1,"H",24,"N",4,20,6,14,17,45
51,"Travel_Rarely","Research & Development",1,4,2,"Male",2,2,4,"H","N",2,2,"Y","Manufacturing Director",6132,13983,2,"No",17,3,0,"H",10,"Y",3,1,0,0,0,65
30,"Non-Travel","Sales",7,4,3,"Female",3,3,2,"L","N",2,2,"Y","Sales Executive",8412,2890,0,"No",11,3,0,"L",10,"N",3,9,8,7,8,45
26,"Travel_Rarely","Production",4,4,1,"Male",4,1,4,"H","N",3,2,"Y","Machinists ",4420,13421,4,"No",22,2,1,"L",8,"Y",3,8,7,0,7,67
27,"Travel_Rarely","Finance",23,3,1,"Female",2,3,2,"L","Y",3,3,"Y","Accountant",9847,10832,1,"Yes",18,3,0,"H",9,"Y",1,8,4,3,3,67
30,"Travel_Rarely","Sales",10,2,3,"Male",2,3,1,"L","N",3,1,"Y","Sales Executive",7140,3088,5,"No",11,1,1,"L",12,"N",3,7,7,1,7,23
31,"Travel_Rarely","Research & Development",4,4,4,"Male",3,1,1,"L","Y",1,3,"Y","Research and Design Specialists",2356,14871,5,"Yes",19,2,1,"L",8,"Y",3,6,4,0,2,51
40,"Travel_Rarely","Research & Development",15,2,2,"Female",3,2,1,"L","N",2,1,"Y","Manufacturing Director",6516,5041,5,"Yes",16,2,1,"L",18,"Y",3,1,0,0,0,58
38,"Non-Travel","Human Resources",6,3,1,"Male",3,1,2,"L","N",2,3,"Y","Human Resources",2592,7129,8,"No",13,4,3,"H",13,"Y",3,11,10,3,8,70
55,"Travel_Rarely","Research & Development",9,4,2,"Male",4,4,2,"H","Y",1,1,"Y","Research Director",14732,12414,3,"No",13,4,2,"H",31,"Y",4,7,7,0,0,66
24,"Travel_Rarely","Sales",12,4,4,"Female",3,2,2,"L","N",1,3,"N","Sales Executive",4260,5915,1,"Yes",12,4,1,"L",5,"N",4,5,2,0,3,43
39,"Travel_Rarely","Sales",13,2,4,"Female",3,2,2,"L","Y",2,3,"N","Sales Executive",5238,17778,4,"Yes",18,1,0,"L",12,"N",2,1,0,0,0,49
38,"Travel_Rarely","Research & Development",21,1,3,"Female",2,3,2,"L","N",2,3,"Y","Customercare Representative",8823,24608,3,"No",18,1,1,"L",20,"N",2,19,9,1,9,33
38,"Travel_Frequently","Production",18,3,4,"Female",2,1,4,"L","Y",2,3,"Y","Machinists ",2440,23826,4,"No",22,2,0,"L",4,"Y",3,4,3,3,3,65
28,"Travel_Rarely","Research & Development",8,2,1,"Female",1,1,2,"L","N",2,2,"N","Research and Design Specialists",2216,3872,3,"Yes",13,4,0,"L",10,"N",3,7,7,3,7,48
41,"Travel_Rarely","Sales",9,3,4,"Female",3,3,4,"H","N",2,2,"Y","Manager",13591,14674,3,"Yes",18,3,0,"H",16,"Y",3,1,0,0,0,74
43,"Travel_Rarely","IT_Suppport",14,4,2,"Female",4,1,4,"L","N",3,3,"Y","IT specialists",8574,9431,1,"No",15,1,0,"H",6,"N",2,4,7,2,7,34
36,"Travel_Frequently","Human Resources",20,1,2,"Male",2,2,2,"L","Y",2,1,"Y","Human Resources",3886,4223,7,"No",21,4,0,"H",10,"Y",2,10,1,0,8,78
50,"Travel_Rarely","Research & Development",10,1,1,"Male",3,5,4,"H","N",2,2,"Y","Research Director",19144,15815,3,"No",14,1,2,"H",28,"Y",2,10,4,1,6,80
40,"Travel_Rarely","Production",1,3,1,"Male",3,1,2,"L","N",2,3,"Y","Machinists ",2166,3339,6,"Yes",14,2,0,"L",10,"Y",1,4,2,0,3,57
40,"Travel_Rarely","Production",20,2,3,"Male",3,2,2,"L","N",2,3,"N","Machinists ",2741,16523,8,"Yes",15,3,1,"L",15,"N",4,7,2,3,7,36
31,"Travel_Rarely","Research & Development",10,5,1,"Female",3,4,2,"L","N",1,3,"Y","Research Director",16422,8847,5,"No",11,3,0,"H",9,"Y",4,3,2,1,0,77
54,"Travel_Rarely","Research & Development",9,4,2,"Male",2,5,3,"L","N",2,3,"Y","IT specialists",8810,9691,9,"Yes",20,1,0,"H",5,"N",2,5,6,3,2,42
31,"Travel_Rarely","Sales",21,2,1,"Male",3,3,2,"H","N",2,3,"Y","Sales Executive",10793,8386,4,"No",18,1,1,"H",13,"Y",3,13,7,9,9,61
47,"Travel_Rarely","Production",6,4,2,"Female",3,1,2,"L","Y",2,1,"Y","Machinists ",2105,5411,2,"No",12,3,0,"H",7,"Y",3,2,2,2,0,61
55,"Travel_Rarely","Finance",16,3,1,"Male",3,3,1,"L","Y",2,3,"Y","Accountant",9727,10700,8,"Yes",18,4,1,"L",5,"Y",3,6,4,2,7,77
40,"Travel_Rarely","Research & Development",11,1,4,"Female",3,5,2,"H","Y",2,2,"Y","Manager",19033,6499,1,"No",14,2,1,"L",21,"Y",3,20,8,9,9,59
26,"Travel_Rarely","Sales",12,2,1,"Male",3,2,1,"L","N",2,1,"Y","Sales Executive",6272,7428,3,"No",20,4,2,"L",6,"N",4,5,3,1,4,31
53,"Travel_Frequently","Production",1,3,1,"Male",4,4,2,"L","N",1,2,"Y","Production Supervisors",6432,7075,4,"No",16,2,0,"L",8,"N",1,5,7,3,4,33
30,"Travel_Rarely","Production",7,1,4,"Male",2,2,4,"L","Y",2,3,"N","Machinists ",5126,15998,1,"Yes",12,3,2,"L",10,"Y",2,10,8,3,0,36
29,"Travel_Rarely","Sales",9,3,1,"Male",2,2,4,"L","N",3,3,"Y","Sales Executive",4187,3356,3,"Yes",13,2,1,"L",10,"Y",2,10,0,0,9,65
35,"Travel_Rarely","Sales",21,3,4,"Male",2,3,2,"L","Y",3,3,"Y","Sales Executive",10306,21530,9,"No",17,3,0,"L",15,"Y",3,13,12,6,0,54
34,"Travel_Rarely","Research & Development",20,2,2,"Male",2,1,4,"H","N",2,1,"Y","Research and Design Specialists",3622,22794,2,"Yes",13,4,1,"H",6,"Y",3,6,5,1,3,63
34,"Travel_Frequently","Production",24,3,1,"Male",3,4,2,"L","N",2,2,"Y","Production Supervisors",7241,8689,9,"Yes",17,1,0,"L",8,"Y",3,7,5,1,5,33
34,"Travel_Frequently","Production",21,3,2,"Male",4,5,1,"L","N",3,3,"N","Production Supervisors",5959,7151,5,"No",19,4,1,"L",6,"N",2,5,4,3,6,33
20,"Travel_Rarely","Sales",25,1,4,"Male",3,1,1,"L","N",3,3,"N","Sales Representative",2728,21082,4,"No",11,1,0,"L",2,"N",3,2,2,0,2,38
20,"Travel_Rarely","Sales",10,3,3,"Female",3,1,4,"L","N",3,1,"Y","Sales Representative",2783,13251,8,"No",19,1,0,"L",2,"Y",3,2,2,2,2,79
35,"Travel_Rarely","Sales",11,4,2,"Female",2,1,2,"H","Y",2,1,"N","Sales Representative",2430,26204,9,"No",23,1,2,"H",6,"N",3,5,3,4,2,43
43,"Travel_Rarely","Research & Development",1,3,1,"Female",3,2,2,"H","Y",2,2,"Y","Manufacturing Director",4765,23814,3,"No",21,3,1,"L",4,"Y",4,1,0,0,0,68
41,"Travel_Rarely","Production",15,4,3,"Male",3,1,1,"H","N",3,1,"Y","Machinists ",2238,6961,2,"No",21,4,1,"L",7,"Y",3,5,0,1,4,51
31,"Travel_Rarely","Finance",1,3,2,"Female",2,3,2,"H","Y",1,1,"Y","Accountant",9830,10813,2,"Yes",20,3,1,"L",5,"Y",3,2,5,1,3,64
43,"Travel_Rarely","Research & Development",14,2,2,"Male",3,4,2,"L","N",2,3,"Y","Research Director",17159,5200,3,"No",24,3,1,"L",22,"N",3,4,1,1,0,41
36,"Travel_Rarely","Research & Development",4,3,3,"Female",3,2,2,"H","Y",3,3,"Y","Manufacturing Director",5228,23361,8,"No",15,1,1,"L",10,"Y",3,9,7,0,5,60
40,"Travel_Rarely","Sales",11,3,2,"Female",4,4,4,"L","Y",2,2,"Y","IT specialists",8070,8877,3,"No",15,1,0,"L",7,"Y",3,5,4,1,4,66
55,"Travel_Rarely","Human Resources",6,4,3,"Male",4,5,1,"L","N",2,2,"N","Manager",19636,25811,1,"Yes",18,1,1,"L",35,"N",3,10,9,1,4,47
45,"Travel_Rarely","Research & Development",14,2,3,"Male",3,4,2,"H","N",2,2,"N","Customercare Representative",13496,7501,0,"Yes",14,2,0,"H",21,"Y",3,20,7,4,10,77
32,"Travel_Rarely","Production",17,3,3,"Female",3,1,2,"L","N",1,1,"N","Machinists ",2370,3956,1,"No",13,3,1,"L",8,"N",3,8,0,0,7,45
35,"Travel_Rarely","Sales",18,3,3,"Female",3,2,1,"L","N",2,1,"N","Sales Executive",4601,6179,6,"No",16,2,0,"L",5,"N",3,5,2,1,0,40
44,"Travel_Frequently","Research & Development",12,1,2,"Male",3,3,2,"L","N",3,2,"Y","Manufacturing Director",10209,19719,6,"Yes",18,2,0,"H",16,"Y",2,2,2,2,2,66
43,"Travel_Rarely","Research & Development",23,3,3,"Female",3,3,2,"H","N",2,2,"Y","Customercare Representative",9985,9262,8,"No",16,1,1,"L",10,"Y",2,1,0,0,0,59
33,"Travel_Rarely","Finance",8,4,2,"Male",3,2,1,"L","N",2,1,"Y","Accountant",9847,10832,2,"Yes",19,2,1,"L",8,"Y",2,4,3,3,4,45
32,"Travel_Frequently","Production",3,3,3,"Female",2,1,3,"L","N",2,3,"Y","Machinists ",2743,7331,5,"No",20,3,1,"L",2,"Y",3,2,2,2,2,86
35,"Travel_Rarely","Production",1,4,3,"Female",3,1,2,"L","N",1,3,"N","Machinists ",4014,16002,3,"Yes",15,3,1,"L",4,"N",3,2,2,2,2,47
21,"Travel_Rarely","Sales",8,1,3,"Male",3,1,2,"L","Y",2,1,"Y","Sales Representative",2380,25479,4,"Yes",11,4,0,"L",2,"Y",3,2,2,1,2,53
35,"Travel_Rarely","Sales",7,2,1,"Male",1,2,1,"L","Y",2,3,"N","Sales Executive",5440,22098,9,"Yes",14,4,2,"L",7,"N",2,2,2,2,2,40
35,"Travel_Frequently","Production",17,4,4,"Male",2,1,2,"H","Y",2,3,"Y","Machinists ",2376,26537,1,"No",13,2,1,"L",2,"Y",4,2,2,2,2,61
24,"Travel_Rarely","Sales",7,2,1,"Female",3,2,2,"H","N",1,3,"Y","Sales Executive",4999,17519,0,"No",21,1,1,"H",4,"Y",2,3,2,0,2,66
31,"Travel_Rarely","Sales",13,4,2,"Male",1,2,1,"L","N",2,3,"Y","Sales Executive",6172,20739,4,"Yes",18,2,0,"L",12,"N",2,7,7,7,7,28
34,"Travel_Rarely","Research & Development",11,3,4,"Male",3,3,4,"L","N",3,1,"Y","Customercare Representative",8500,5494,8,"No",11,4,1,"L",10,"Y",2,9,7,1,6,69
30,"Travel_Rarely","Production",16,4,3,"Male",3,2,2,"H","N",1,3,"Y","Machinists ",3491,11309,9,"No",13,1,3,"L",10,"Y",2,10,7,8,9,66
36,"Travel_Rarely","Sales",19,5,2,"Male",2,2,2,"L","N",1,3,"Y","Sales Executive",6134,8658,3,"Yes",13,2,3,"L",16,"N",3,2,2,2,2,33
31,"Travel_Rarely","Sales",14,3,2,"Male",4,2,2,"H","N",3,3,"Y","Sales Executive",6929,12241,4,"No",11,2,1,"L",10,"Y",2,8,7,7,7,57
22,"Travel_Frequently","Research & Development",12,4,3,"Male",2,1,2,"H","N",3,3,"Y","Research and Design Specialists",2853,4223,1,"Yes",11,2,1,"L",1,"Y",3,0,0,0,0,54
52,"Travel_Frequently","Research & Development",24,2,4,"Female",4,4,1,"H","Y",2,2,"Y","Manufacturing Director",13247,9731,9,"Yes",11,2,1,"H",24,"N",2,5,3,0,2,47
27,"Non-Travel","Research & Development",4,3,4,"Male",3,1,4,"H","Y",3,2,"Y","Research and Design Specialists",2024,5970,6,"No",18,4,1,"H",6,"Y",1,2,2,2,2,74
40,"Travel_Frequently","Sales",9,4,4,"Male",2,3,2,"H","N",2,3,"Y","Sales Executive",10475,23772,2,"Yes",21,3,1,"L",20,"Y",3,18,13,1,12,59
23,"Travel_Rarely","Production",13,1,3,"Female",3,1,2,"L","N",1,2,"Y","Machinists ",3295,12862,9,"No",13,3,0,"L",3,"Y",1,3,2,1,2,54
35,"Travel_Frequently","Research & Development",17,4,4,"Female",3,1,1,"H","N",2,3,"N","Research and Design Specialists",2022,16612,4,"Yes",19,1,1,"L",10,"N",2,10,2,7,8,27
31,"Travel_Rarely","Research & Development",7,3,2,"Male",2,2,1,"H","N",2,3,"Y","Customercare Representative",5582,14408,0,"No",21,2,1,"L",10,"Y",3,9,0,7,8,51
40,"Travel_Rarely","IT_Suppport",10,2,1,"Male",3,3,3,"L","N",2,1,"Y","Human Resources",6247,7496,7,"Yes",18,2,0,"L",8,"Y",3,2,7,1,2,63
32,"Travel_Rarely","Sales",8,4,2,"Male",3,2,4,"H","Y",3,3,"Y","Sales Executive",5010,24301,1,"No",16,1,0,"H",12,"Y",3,11,8,5,7,66
48,"Travel_Frequently","Sales",15,2,4,"Female",3,1,1,"L","N",3,3,"N","Sales Representative",2655,11740,6,"Yes",11,3,2,"L",19,"N",3,9,7,7,7,40
24,"Travel_Rarely","Human Resources",3,1,4,"Male",1,1,2,"L","N",3,2,"N","Human Resources",1555,11585,6,"No",11,3,1,"L",1,"N",3,1,0,0,0,12
27,"Travel_Rarely","Finance",8,4,2,"Female",3,2,1,"L","Y",1,3,"Y","Accountant",9908,10899,8,"Yes",19,1,0,"L",5,"N",2,8,2,2,6,85
42,"Travel_Rarely","Research & Development",2,2,4,"Male",2,5,4,"L","Y",1,3,"Y","Manager",19613,26362,6,"No",22,4,0,"H",24,"Y",3,1,0,0,1,79
55,"Travel_Frequently","Finance",3,3,1,"Female",3,2,1,"L","Y",2,2,"Y","Accountant",9750,10725,5,"No",15,4,0,"L",5,"N",2,6,7,1,6,83
33,"Non-Travel","Sales",24,3,4,"Female",3,2,2,"L","N",1,3,"Y","Sales Executive",5147,10697,3,"No",15,4,0,"L",13,"Y",2,11,7,1,7,73
22,"Travel_Rarely","Research & Development",15,1,4,"Male",3,1,2,"L","Y",1,3,"Y","Research and Design Specialists",2472,26092,8,"Yes",23,1,0,"H",1,"Y",3,1,0,0,0,54
38,"Travel_Rarely","Production",20,3,1,"Male",3,2,1,"L","N",2,3,"Y","Production Supervisors",6693,7362,9,"No",18,4,0,"L",10,"Y",2,10,4,2,6,40
27,"Travel_Rarely","Sales",5,1,3,"Male",3,1,1,"L","N",2,2,"N","Sales Representative",3041,16346,9,"No",11,2,1,"L",5,"N",3,4,3,0,2,40
35,"Travel_Rarely","Production",11,3,2,"Male",3,1,2,"L","N",2,3,"N","Machinists ",3917,9541,7,"No",20,1,1,"L",3,"N",2,3,2,1,2,41
30,"Non-Travel","Research & Development",19,2,3,"Female",3,2,2,"H","N",2,3,"Y","Manufacturing Director",4695,12858,5,"Yes",18,3,0,"L",10,"Y",3,8,4,1,7,54
51,"Travel_Rarely","Research & Development",13,4,2,"Male",2,3,2,"L","N",2,2,"Y","Research Director",12490,15736,5,"No",16,4,2,"L",16,"N",1,10,9,4,7,46
19,"Travel_Rarely","Production",10,1,2,"Female",3,1,2,"L","N",2,1,"N","Machinists ",1483,16102,1,"No",14,4,0,"L",1,"N",3,1,0,0,0,43
45,"Non-Travel","Production",3,2,4,"Male",3,2,2,"H","N",1,2,"N","Machinists ",3633,14039,5,"Yes",15,3,1,"L",9,"N",3,9,8,0,8,46
46,"Travel_Frequently","Finance",8,3,1,"Male",3,3,2,"L","Y",2,1,"Y","Accountant",8608,9469,4,"No",16,2,1,"H",10,"Y",2,7,3,2,6,53
47,"Travel_Rarely","Sales",15,4,4,"Male",3,2,2,"L","N",2,1,"N","Sales Executive",4960,11825,1,"No",12,4,0,"L",20,"N",3,7,7,1,7,48
52,"Travel_Rarely","Research & Development",5,3,4,"Male",2,3,2,"H","N",2,2,"Y","Manufacturing Director",7969,19609,2,"Yes",14,3,0,"H",28,"Y",3,5,4,0,4,61
42,"Travel_Rarely","Human Resources",1,1,3,"Male",3,1,2,"H","Y",1,3,"Y","Human Resources",2696,24017,0,"Yes",11,3,1,"L",4,"Y",3,3,2,1,0,60
30,"Travel_Rarely","Sales",18,2,3,"Male",3,3,2,"L","Y",1,2,"Y","Sales Executive",7264,9977,8,"No",11,1,1,"L",10,"Y",4,8,4,7,7,70
38,"Travel_Rarely","Sales",20,2,4,"Male",3,3,4,"H","Y",1,1,"Y","Sales Executive",7351,20619,8,"No",16,3,0,"H",10,"Y",3,1,0,0,0,74
42,"Travel_Rarely","Finance",18,4,1,"Male",2,2,2,"L","N",2,2,"N","Accountant",9450,10395,4,"Yes",20,4,0,"H",5,"Y",2,2,5,1,3,33
44,"Travel_Rarely","Research & Development",22,3,2,"Female",3,5,4,"L","Y",3,2,"Y","Research Director",19049,3549,9,"Yes",14,4,1,"L",23,"Y",2,22,7,1,10,64
26,"Travel_Frequently","Production",4,3,3,"Male",4,1,2,"L","Y",2,1,"Y","Machinists ",2544,7102,2,"No",18,1,1,"L",8,"Y",3,7,7,7,7,53
48,"Travel_Rarely","Research & Development",9,3,4,"Male",2,5,2,"L","Y",3,1,"Y","Research Director",19665,13583,3,"No",12,4,0,"H",29,"Y",3,22,10,12,9,78
48,"Travel_Rarely","Sales",15,5,2,"Female",3,2,4,"H","N",1,2,"Y","Sales Executive",4051,19658,2,"No",14,1,1,"H",14,"Y",3,9,7,6,7,64
40,"Travel_Rarely","Sales",16,2,4,"Female",3,2,2,"L","N",3,3,"N","Sales Executive",4639,11262,4,"No",15,3,1,"L",5,"N",3,5,4,1,2,33
44,"Travel_Rarely","Research & Development",18,4,4,"Male",3,5,1,"L","N",1,1,"Y","Manager",19513,9358,2,"Yes",12,1,1,"L",26,"N",4,2,2,0,1,39
27,"Travel_Rarely","Research & Development",7,4,4,"Male",2,4,3,"L","N",3,3,"N","Sales Executive",NA,7608,6,"No",19,3,1,"H",10,"N",1,9,5,3,2,63
40,"Travel_Rarely","Research & Development",2,2,1,"Male",3,5,2,"H","N",2,2,"Y","Research Director",19436,5949,0,"No",19,4,1,"H",22,"Y",3,21,7,3,9,66
51,"Travel_Rarely","Finance",18,4,1,"Female",3,2,2,"H","Y",1,3,"Y","Accountant",8605,9466,4,"Yes",20,2,0,"H",5,"Y",3,2,2,3,7,62
41,"Travel_Rarely","Sales",4,3,2,"Male",4,3,2,"H","N",3,2,"Y","Sales Executive",8392,19566,1,"No",16,3,1,"H",10,"Y",3,10,7,0,7,68
41,"Travel_Frequently","Production",14,4,2,"Male",2,1,3,"L","N",3,3,"Y","Production Supervisors",6401,7041,7,"No",17,1,0,"H",9,"Y",2,10,4,2,2,31
29,"Travel_Rarely","Production",5,1,2,"Male",3,1,1,"H","Y",2,3,"Y","Machinists ",4723,16213,9,"Yes",18,4,0,"H",10,"Y",3,10,9,1,5,58
38,"Travel_Rarely","Sales",15,2,1,"Female",4,2,1,"H","N",3,3,"N","Sales Executive",5605,19191,1,"Yes",24,3,1,"L",8,"Y",3,8,0,7,7,51
32,"Travel_Rarely","Production",5,4,3,"Female",3,2,3,"H","Y",2,3,"Y","Manufacturing Director",6725,13554,7,"No",12,3,1,"H",8,"Y",4,8,7,6,3,76
32,"Travel_Rarely","Research & Development",14,2,3,"Female",4,2,1,"H","Y",1,1,"Y","Research and Design Specialists",5175,22162,4,"No",12,3,1,"L",9,"Y",2,5,3,1,3,56
51,"Travel_Rarely","IT_Suppport",23,4,1,"Male",2,3,1,"H","N",2,3,"Y","IT specialists",8508,9359,4,"No",15,2,0,"H",7,"N",1,3,2,1,2,46
50,"Travel_Rarely","Finance",24,3,1,"Female",2,3,1,"L","Y",2,2,"Y","Accountant",8389,9228,4,"Yes",18,1,1,"H",9,"N",2,8,3,3,2,53
42,"Travel_Rarely","Research & Development",13,4,4,"Male",3,2,2,"L","Y",2,2,"N","Research and Design Specialists",5410,11189,8,"Yes",17,3,1,"L",9,"Y",2,4,3,1,2,53
54,"Travel_Rarely","Research & Development",16,2,1,"Male",3,5,3,"H","N",1,2,"Y","Research Director",19406,8509,4,"No",11,3,1,"H",24,"Y",2,4,2,1,2,75
36,"Travel_Frequently","Research & Development",1,2,4,"Female",3,2,2,"L","Y",2,2,"Y","Manufacturing Director",5131,9192,2,"No",13,2,3,"L",18,"Y",3,4,2,0,2,93
34,"Travel_Rarely","Sales",1,3,3,"Male",3,3,4,"L","Y",2,1,"Y","Sales Executive",9713,24444,3,"Yes",13,4,3,"H",9,"Y",3,5,3,1,0,63
52,"Travel_Rarely","Finance",18,4,1,"Male",2,3,2,"L","N",3,1,"N","Accountant",8098,8908,1,"No",16,1,1,"H",8,"Y",3,5,5,1,5,36
38,"Travel_Rarely","Research & Development",14,2,1,"Female",2,3,2,"L","N",2,2,"Y","Research Director",12061,26707,3,"No",17,3,1,"L",19,"N",3,10,8,0,1,48
40,"Travel_Rarely","Finance",14,4,2,"Male",3,2,2,"L","Y",1,2,"Y","Accountant",8979,9877,9,"Yes",18,2,0,"L",8,"Y",3,2,7,1,2,61
54,"Travel_Rarely","Finance",4,3,1,"Female",3,3,2,"L","Y",2,2,"Y","Accountant",8453,9298,8,"Yes",18,4,1,"H",5,"N",1,10,7,3,3,72
50,"Travel_Rarely","Sales",1,2,1,"Male",2,1,1,"L","N",2,2,"N","Sales Manager",2683,3810,1,"Yes",14,3,0,"L",3,"N",3,3,2,0,2,50
51,"Travel_Rarely","Sales",9,4,1,"Female",3,4,2,"L","N",1,3,"Y","Manager",16307,5594,4,"No",14,3,1,"L",29,"N",2,20,6,4,17,42
50,"Travel_Frequently","Finance",9,3,2,"Male",2,2,2,"L","Y",3,3,"Y","Accountant",8126,8939,5,"No",20,1,1,"H",7,"Y",2,9,7,1,3,72
32,"Non-Travel","Production",10,3,3,"Female",2,1,1,"H","N",3,1,"N","Machinists ",2332,3974,6,"No",20,3,0,"L",5,"N",3,3,0,0,2,39
30,"Travel_Rarely","Research & Development",12,3,3,"Male",2,2,2,"L","N",3,3,"N","Customercare Representative",4152,15830,1,"No",19,1,3,"L",11,"Y",3,11,10,10,8,34
45,"Travel_Frequently","Sales",5,2,3,"Female",2,3,1,"L","N",2,3,"Y","Machinists ",NA,6582,6,"No",11,3,0,"L",8,"Y",3,8,7,3,0,66
54,"Travel_Rarely","Research & Development",9,4,4,"Female",3,2,1,"L","N",2,2,"N","Manufacturing Director",5485,22670,8,"Yes",11,2,2,"L",9,"N",3,5,3,1,4,47
26,"Travel_Rarely","Research & Development",15,3,1,"Female",3,1,2,"H","N",2,1,"Y","Research and Design Specialists",2886,3032,1,"No",22,2,2,"L",3,"Y",1,3,2,0,2,54
50,"Travel_Rarely","Production",17,1,4,"Male",4,1,1,"L","N",3,3,"N","Machinists ",3221,3297,2,"Yes",11,3,3,"L",20,"N",3,20,8,3,8,32
51,"Travel_Rarely","IT_Suppport",3,4,1,"Male",3,5,2,"L","Y",2,3,"Y","IT specialists",10712,11783,1,"No",19,1,0,"L",6,"Y",3,3,7,2,2,61
28,"Non-Travel","Sales",9,3,2,"Male",3,2,1,"H","Y",2,2,"N","Sales Executive",4221,8863,1,"No",15,2,0,"H",5,"Y",4,5,4,0,4,70
49,"Travel_Rarely","Research & Development",17,3,3,"Male",3,4,2,"L","Y",1,3,"Y","Manager",15379,22384,5,"No",14,1,0,"L",23,"Y",3,8,7,0,0,60
23,"Travel_Rarely","Production",4,1,2,"Male",3,1,2,"H","N",3,3,"Y","Machinists ",2500,4344,6,"No",14,4,1,"L",5,"Y",4,4,3,0,2,61
25,"Travel_Rarely","Sales",21,3,2,"Female",4,5,3,"L","Y",1,3,"Y","IT specialists",6213,6834,8,"No",20,2,0,"L",7,"Y",3,2,6,3,7,85
29,"Travel_Rarely","IT_Suppport",6,4,1,"Male",4,3,3,"L","N",3,1,"Y","Research and Design Specialists",NA,8623,7,"No",18,3,0,"L",6,"Y",2,2,5,2,5,63
44,"Travel_Rarely","Research & Development",3,3,4,"Male",3,2,4,"H","Y",3,3,"Y","Customercare Representative",5933,5197,3,"No",12,4,0,"L",10,"Y",2,5,2,2,3,64
32,"Travel_Frequently","Production",19,4,1,"Male",3,2,4,"H","N",1,3,"Y","Machinists ",5309,21146,6,"No",15,4,2,"L",10,"Y",3,10,8,4,7,63
39,"Travel_Frequently","Research & Development",1,3,1,"Male",3,4,4,"H","Y",3,1,"Y","Customercare Representative",12169,13547,1,"No",11,4,3,"L",21,"Y",3,18,7,11,5,69
43,"Travel_Frequently","Production",1,4,2,"Male",2,5,2,"L","Y",2,1,"Y","Production Supervisors",7186,8623,1,"No",17,1,0,"L",7,"Y",1,7,5,1,5,58
51,"Travel_Rarely","Sales",11,2,3,"Female",3,2,2,"H","N",2,1,"Y","Sales Executive",4936,14862,4,"No",11,3,1,"L",18,"Y",2,7,7,0,7,60
43,"Travel_Rarely","Finance",20,3,2,"Male",3,3,1,"H","Y",1,1,"Y","Accountant",9872,10859,3,"Yes",18,1,1,"H",9,"Y",3,3,7,3,4,80
22,"Travel_Rarely","Research & Development",12,2,4,"Male",2,2,2,"H","Y",1,3,"Y","Manufacturing Director",4775,19146,3,"No",22,1,2,"H",4,"Y",1,2,2,2,2,72
50,"Travel_Rarely","Finance",11,4,2,"Male",3,3,1,"L","Y",1,3,"Y","Accountant",9819,10801,9,"Yes",15,2,0,"L",9,"N",2,4,6,3,5,69
32,"Travel_Rarely","Research & Development",23,1,4,"Male",3,1,4,"H","N",3,3,"Y","Research and Design Specialists",2956,15178,1,"No",13,4,0,"L",1,"Y",3,1,0,0,0,59
27,"Travel_Frequently","Sales",5,1,4,"Female",4,2,2,"H","N",2,3,"Y","Sales Executive",4647,16673,4,"Yes",20,2,2,"L",6,"Y",3,6,5,0,4,59
31,"Travel_Rarely","Sales",22,4,1,"Female",2,2,2,"L","N",2,3,"N","Sales Executive",5468,13402,5,"No",14,1,2,"H",13,"N",3,12,7,5,7,45
36,"Travel_Rarely","Sales",9,1,3,"Male",2,3,2,"L","N",2,2,"Y","Sales Executive",10325,5518,2,"Yes",11,1,1,"L",16,"N",3,16,7,3,7,49
43,"Travel_Rarely","Research & Development",7,1,4,"Male",4,3,1,"L","N",3,1,"Y","Sales Executive",NA,7493,8,"No",15,2,0,"L",7,"N",3,0,0,0,0,74
33,"Travel_Rarely","Sales",21,3,2,"Female",2,2,4,"L","Y",3,3,"Y","Customercare Representative",6949,12291,4,"No",14,1,0,"L",6,"Y",3,5,0,1,4,64
32,"Travel_Rarely","Research & Development",24,4,4,"Male",2,2,4,"L","Y",2,1,"Y","Manufacturing Director",9679,10138,6,"No",24,2,0,"L",8,"Y",3,1,0,0,0,64
28,"Travel_Rarely","Production",7,3,3,"Male",2,1,1,"L","N",2,3,"N","Machinists ",2367,18779,6,"No",12,1,1,"H",6,"N",2,4,1,0,3,18
55,"Travel_Rarely","IT_Suppport",24,3,1,"Female",4,4,3,"H","Y",2,3,"Y","IT specialists",6267,6894,8,"Yes",19,2,1,"H",8,"Y",2,8,4,3,2,73
48,"Travel_Rarely","Research & Development",25,4,3,"Female",3,1,2,"H","Y",2,1,"Y","Research and Design Specialists",2367,16530,2,"No",12,4,1,"H",10,"Y",2,8,2,7,6,54
24,"Travel_Rarely","Sales",9,1,4,"Female",3,2,4,"L","N",3,3,"Y","Sales Executive",4162,15211,8,"Yes",12,3,2,"H",5,"Y",3,5,4,0,3,67
34,"Travel_Rarely","Finance",19,4,1,"Male",2,3,1,"L","Y",1,1,"Y","Accountant",9626,10589,7,"Yes",20,1,0,"L",8,"Y",3,7,6,1,3,78
44,"Travel_Rarely","Finance",8,3,2,"Male",3,2,1,"L","Y",2,3,"Y","Accountant",9945,10940,5,"No",18,3,1,"L",8,"Y",3,9,5,1,4,71
35,"Travel_Frequently","Sales",2,3,3,"Female",3,3,3,"H","Y",2,2,"Y","Sales Executive",8789,9096,1,"No",14,1,0,"H",10,"Y",4,10,7,0,8,81
33,"Travel_Rarely","Research & Development",6,4,3,"Female",2,1,2,"L","N",2,3,"N","Research and Design Specialists",2622,13248,6,"No",21,4,0,"L",7,"N",3,3,2,1,1,48
55,"Travel_Rarely","Research & Development",2,3,3,"Male",2,5,4,"L","Y",2,1,"Y","Research Director",19038,19805,4,"No",12,2,3,"L",34,"Y",3,1,0,0,0,74
42,"Travel_Frequently","Sales",21,3,3,"Female",3,4,2,"L","N",2,2,"Y","Sales Executive",13525,14864,5,"No",14,4,1,"L",23,"N",4,20,4,4,8,36
56,"Travel_Rarely","Research & Development",16,4,2,"Female",3,1,2,"L","Y",2,3,"N","Research and Design Specialists",4963,4510,9,"Yes",18,1,3,"L",7,"N",3,5,4,4,3,33
49,"Travel_Rarely","Research & Development",22,4,1,"Female",3,4,1,"L","N",2,3,"Y","Research Director",16413,3498,1,"No",16,2,2,"L",27,"N",3,4,2,1,2,37
31,"Non-Travel","Research & Development",16,4,3,"Male",1,2,4,"H","N",2,3,"N","Manufacturing Director",4345,4381,0,"No",12,4,1,"H",6,"Y",3,5,4,1,4,69
38,"Travel_Frequently","Research & Development",12,3,4,"Male",4,1,2,"H","N",2,3,"Y","Research and Design Specialists",2610,15748,3,"No",11,4,3,"L",4,"Y",3,4,2,0,3,72
24,"Non-Travel","Production",9,3,3,"Male",2,1,2,"H","Y",3,3,"Y","Machinists ",2694,26551,5,"No",11,3,3,"L",1,"Y",3,1,0,0,0,54
54,"Travel_Rarely","Sales",8,3,4,"Female",3,2,2,"H","N",2,3,"Y","Sales Executive",5940,17011,2,"No",14,4,1,"L",16,"Y",3,6,2,0,5,52
36,"Travel_Rarely","Production",16,3,4,"Male",3,1,2,"H","N",3,3,"Y","Machinists ",3210,20251,0,"No",11,3,1,"L",16,"Y",3,15,13,10,11,60
47,"Travel_Frequently","Finance",12,4,1,"Female",3,3,3,"H","N",2,2,"Y","Accountant",9542,10496,2,"No",15,3,0,"H",9,"N",3,7,7,3,4,48
44,"Travel_Rarely","Finance",23,3,2,"Female",3,2,1,"L","N",2,1,"Y","Accountant",9083,9991,1,"Yes",19,4,1,"H",8,"Y",1,7,3,1,6,38
29,"Travel_Rarely","Sales",25,1,4,"Female",2,2,2,"H","N",2,3,"Y","Sales Executive",8268,11866,1,"Yes",14,1,2,"L",7,"Y",3,7,7,1,7,59
39,"Travel_Frequently","Research & Development",10,2,3,"Male",2,5,4,"H","N",2,2,"Y","Manager",19272,21141,1,"No",15,1,1,"H",21,"Y",3,21,9,13,3,64
28,"Travel_Rarely","Sales",20,4,1,"Male",3,2,2,"L","N",3,2,"N","Sales Executive",4908,24252,7,"No",14,2,0,"L",4,"Y",3,4,2,0,2,50
59,"Travel_Rarely","Production",14,3,3,"Female",4,1,2,"H","N",3,2,"Y","Machinists ",2670,9964,4,"Yes",20,1,3,"L",12,"Y",2,1,0,0,0,57
30,"Travel_Rarely","Research & Development",9,3,2,"Male",4,2,1,"H","Y",1,3,"Y","Customercare Representative",NA,7608,7,"Yes",11,1,0,"L",8,"N",1,6,4,0,5,78
37,"Travel_Frequently","Production",25,3,1,"Male",3,1,1,"L","N",1,2,"Y","Production Supervisors",6698,7368,5,"No",18,4,0,"L",5,"Y",3,6,6,1,4,38
54,"Travel_Frequently","Finance",23,4,2,"Male",2,3,3,"L","Y",2,1,"Y","Accountant",8424,9266,4,"No",19,1,0,"L",7,"Y",3,2,5,3,3,55
29,"Travel_Rarely","Finance",16,4,1,"Male",2,2,2,"L","N",2,1,"Y","Accountant",8525,9378,3,"No",17,2,1,"H",10,"Y",3,3,6,3,7,25
35,"Travel_Rarely","Research & Development",17,4,3,"Male",3,3,3,"H","N",1,2,"Y","Manufacturing Director",8095,18264,0,"No",13,4,0,"H",17,"Y",3,16,6,0,13,76
35,"Travel_Rarely","Research & Development",10,3,4,"Female",2,3,2,"L","N",1,3,"Y","Customercare Representative",8606,21195,7,"No",19,4,0,"H",11,"Y",1,11,8,3,3,60
45,"Travel_Frequently","Research & Development",4,4,2,"Male",3,2,2,"L","Y",3,2,"Y","Customercare Representative",5399,14511,5,"No",12,3,0,"L",12,"Y",3,4,2,0,3,73
40,"Travel_Rarely","Sales",1,4,3,"Male",2,3,4,"H","N",2,2,"Y","Sales Executive",10855,8552,7,"No",11,1,1,"H",15,"Y",2,12,11,2,11,64
50,"Travel_Rarely","IT_Suppport",17,4,1,"Male",4,5,1,"L","N",2,3,"Y","IT specialists",10492,11541,3,"No",19,3,1,"H",7,"N",2,9,3,1,5,41
36,"Travel_Rarely","Research & Development",5,5,4,"Female",2,3,1,"L","Y",2,2,"Y","Manufacturing Director",8858,15669,5,"No",11,2,0,"L",15,"Y",2,14,8,7,8,51
29,"Travel_Frequently","Production",18,3,2,"Female",3,2,1,"L","N",1,1,"N","Production Supervisors",5982,6580,6,"No",18,2,1,"H",6,"Y",3,8,4,2,5,35
41,"Travel_Rarely","Production",6,4,2,"Female",1,1,1,"H","N",3,3,"N","Machinists ",2778,17725,3,"Yes",13,3,1,"L",10,"N",2,7,7,1,0,32
31,"Travel_Rarely","Finance",15,3,2,"Male",3,3,1,"L","N",1,3,"Y","Accountant",8645,9510,7,"Yes",18,3,1,"H",8,"Y",2,10,5,2,4,36
35,"Travel_Rarely","Production",8,3,1,"Male",4,1,1,"L","N",1,3,"N","Machinists ",2426,16479,0,"No",13,3,1,"L",6,"N",3,5,4,0,3,39
52,"Travel_Rarely","Research & Development",16,2,4,"Female",3,4,2,"H","N",2,2,"Y","Manager",16555,10310,2,"No",13,4,0,"H",31,"Y",1,5,2,1,4,77
27,"Travel_Rarely","Research & Development",8,4,4,"Female",3,1,1,"H","Y",2,3,"N","Research and Design Specialists",2394,25681,8,"Yes",13,4,0,"L",8,"N",3,8,2,7,7,27
53,"Travel_Frequently","Finance",9,4,2,"Female",2,2,4,"H","N",1,2,"Y","Accountant",9097,10007,2,"No",17,2,0,"L",5,"N",3,8,5,2,2,36
29,"Travel_Rarely","Finance",13,3,1,"Male",2,3,1,"L","N",3,3,"Y","Accountant",9234,10157,2,"Yes",20,4,1,"H",10,"N",1,6,3,1,6,28
42,"Travel_Frequently","Production",17,3,1,"Male",2,1,2,"L","N",1,3,"Y","Production Supervisors",6563,7219,9,"Yes",19,3,0,"L",9,"Y",3,7,2,3,2,34
47,"Travel_Rarely","Finance",20,4,2,"Female",3,3,2,"L","Y",2,3,"Y","Accountant",8455,9301,8,"No",15,2,1,"L",8,"N",3,6,3,1,6,56
43,"Travel_Rarely","Production",24,3,4,"Male",4,1,2,"L","Y",1,1,"N","Machinists ",4876,5855,3,"No",12,3,1,"H",8,"N",3,6,4,0,2,49
28,"Travel_Rarely","Production",14,4,3,"Male",3,1,2,"L","N",2,3,"N","Machinists ",3441,11179,1,"Yes",13,3,0,"L",2,"N",2,2,2,2,2,46
32,"Travel_Rarely","Sales",8,4,2,"Male",2,1,2,"L","Y",2,3,"Y","Sales Representative",2269,18024,4,"No",14,2,1,"L",3,"Y",3,2,2,2,2,72
40,"Travel_Rarely","Finance",3,4,2,"Female",3,2,2,"L","N",2,3,"Y","Accountant",8756,9632,2,"Yes",16,1,0,"H",10,"N",3,4,3,3,6,33
41,"Travel_Rarely","Sales",6,4,4,"Male",3,4,1,"L","N",2,2,"Y","Manager",16015,15896,1,"No",19,2,0,"L",22,"N",3,22,10,0,4,47
34,"Travel_Rarely","Finance",14,4,2,"Male",3,3,2,"L","N",3,1,"Y","Accountant",9481,10429,5,"No",16,4,0,"L",10,"N",2,4,7,2,6,46
36,"Travel_Rarely","Research & Development",1,4,2,"Female",2,1,4,"L","N",2,3,"N","Research and Design Specialists",3419,13072,9,"Yes",14,4,1,"L",6,"Y",4,1,1,0,0,49
35,"Travel_Rarely","Research & Development",1,4,4,"Female",4,1,3,"H","Y",1,3,"Y","Research and Design Specialists",2506,13301,1,"No",13,3,0,"H",7,"Y",3,2,2,2,2,83
35,"Travel_Rarely","Sales",25,3,3,"Male",3,3,1,"H","N",2,2,"Y","Sales Executive",8020,5100,0,"No",15,3,2,"L",12,"Y",2,11,9,6,9,58
31,"Travel_Frequently","Research & Development",6,2,3,"Female",2,3,2,"H","N",2,2,"Y","Manufacturing Director",8943,14034,1,"No",24,1,1,"H",10,"Y",3,10,9,8,9,66
43,"Travel_Frequently","Research & Development",23,3,3,"Male",2,1,1,"L","N",2,3,"N","Research and Design Specialists",2437,15587,4,"Yes",16,4,1,"L",6,"N",3,1,0,0,0,21
44,"Travel_Rarely","Finance",3,4,2,"Male",3,3,2,"L","N",2,3,"Y","Accountant",8944,9838,4,"No",19,4,0,"L",5,"Y",3,10,6,1,2,44
34,"Travel_Frequently","Research & Development",13,4,3,"Female",2,1,1,"L","N",2,3,"N","Research and Design Specialists",2553,8306,2,"No",16,3,0,"L",6,"N",3,5,2,1,3,34
27,"Travel_Rarely","Sales",25,4,2,"Female",3,2,4,"H","Y",2,3,"Y","Sales Executive",6214,3415,1,"No",18,1,1,"H",8,"Y",3,8,7,0,7,63
25,"Travel_Rarely","Research & Development",5,1,4,"Male",2,2,2,"H","Y",2,1,"N","Accountant",NA,7608,8,"Yes",12,4,1,"L",6,"N",3,2,2,2,2,63
48,"Non-Travel","Research & Development",6,4,1,"Male",4,4,2,"H","Y",1,3,"Y","Manager",16885,16154,2,"No",22,3,0,"L",27,"Y",2,5,4,2,1,62
56,"Travel_Rarely","Production",16,3,4,"Male",1,3,3,"H","N",2,2,"Y","Manufacturing Director",7260,21698,4,"No",11,1,0,"L",37,"Y",2,6,4,0,2,51
42,"Travel_Rarely","Sales",22,2,3,"Female",2,2,4,"L","Y",2,3,"Y","Sales Executive",6244,7824,2,"No",17,1,0,"L",10,"Y",3,5,4,0,3,69
32,"Travel_Rarely","Finance",16,4,1,"Male",3,2,2,"L","N",1,2,"Y","Accountant",8059,8865,3,"No",17,4,0,"H",9,"Y",3,7,5,2,7,25
30,"Travel_Rarely","Sales",23,3,2,"Female",3,3,4,"H","N",2,2,"Y","Sales Executive",9419,8053,2,"No",12,3,1,"H",12,"Y",3,10,9,7,4,79
35,"Travel_Rarely","Research & Development",7,3,3,"Male",3,3,2,"H","Y",2,3,"Y","Manufacturing Director",10221,18869,9,"No",21,2,0,"L",17,"Y",4,8,5,1,6,59
29,"Travel_Rarely","Sales",24,3,2,"Female",1,1,1,"L","Y",2,3,"N","Sales Representative",2760,14630,5,"No",13,3,0,"L",2,"N",3,2,2,2,2,37
44,"Travel_Rarely","Human Resources",19,2,2,"Male",2,3,2,"L","Y",1,2,"Y","Human Resources",10482,2326,6,"No",14,4,1,"L",24,"Y",3,20,6,3,6,62
39,"Travel_Rarely","Human Resources",24,3,4,"Female",2,2,3,"L","Y",1,3,"Y","Human Resources",5204,7790,3,"No",11,3,2,"H",13,"Y",3,5,4,0,4,83
33,"Travel_Rarely","Human Resources",24,3,2,"Male",3,1,2,"L","Y",2,1,"Y","Human Resources",3600,8429,4,"No",13,4,1,"L",5,"Y",3,5,4,1,4,62
35,"Travel_Rarely","Research & Development",10,4,3,"Female",3,3,1,"H","N",1,2,"Y","Customercare Representative",10388,6975,4,"Yes",11,3,1,"L",16,"N",2,16,10,10,1,39
39,"Non-Travel","Production",10,3,3,"Male",3,2,2,"L","N",2,3,"Y","Machinists ",6782,8770,7,"No",15,3,0,"L",9,"N",2,5,4,0,3,49
28,"Travel_Rarely","Finance",20,4,2,"Male",2,2,1,"L","N",3,3,"Y","Accountant",9158,10074,3,"No",17,1,0,"H",9,"Y",2,6,7,1,3,25
37,"Travel_Rarely","Research & Development",2,3,2,"Female",3,1,2,"L","N",3,2,"Y","Research and Design Specialists",3936,9953,5,"No",11,1,1,"L",8,"Y",1,8,4,7,7,53
35,"Travel_Rarely","Production",2,2,3,"Male",3,1,4,"H","N",3,3,"Y","Machinists ",1951,10910,1,"No",12,3,1,"L",1,"Y",3,1,0,0,0,51
39,"Non-Travel","Sales",2,4,1,"Female",1,2,2,"L","N",1,3,"N","Sales Executive",5736,3987,5,"No",19,3,1,"L",10,"N",3,3,2,1,2,43
39,"Travel_Rarely","Production",14,3,4,"Male",3,1,1,"H","N",3,1,"N","Machinists ",2404,4303,7,"Yes",21,4,0,"L",8,"N",1,2,2,2,2,37
34,"Travel_Frequently","Human Resources",9,3,3,"Male",2,2,2,"H","N",1,2,"Y","Human Resources",4490,21833,7,"No",11,4,2,"L",14,"Y",4,10,9,1,8,59
26,"Travel_Rarely","Finance",2,3,2,"Female",2,3,1,"L","Y",2,1,"Y","Accountant",9265,10192,8,"Yes",16,1,0,"H",5,"Y",2,4,7,3,4,74
45,"Non-Travel","Sales",7,3,1,"Male",2,2,2,"L","N",1,2,"N","Sales Executive",4385,24162,9,"No",15,1,1,"L",10,"N",3,10,7,4,5,41
40,"Travel_Rarely","Finance",15,3,2,"Male",2,2,2,"H","Y",1,2,"Y","Accountant",8599,9459,7,"Yes",20,2,1,"H",5,"Y",2,9,2,2,7,79
29,"Travel_Rarely","Research & Development",3,4,1,"Male",3,1,2,"L","N",2,3,"N","Research and Design Specialists",4787,26124,7,"Yes",14,2,3,"L",4,"N",4,2,2,2,2,41
32,"Travel_Rarely","Research & Development",8,4,1,"Female",3,2,2,"L","N",2,3,"Y","Research and Design Specialists",6322,18089,8,"Yes",12,4,1,"L",6,"N",2,6,4,0,5,42
30,"Travel_Rarely","Research & Development",24,3,4,"Female",3,1,2,"L","Y",2,3,"N","Research and Design Specialists",2657,8556,5,"Yes",11,3,0,"L",8,"N",3,5,2,0,4,44
54,"Travel_Frequently","Research & Development",25,4,4,"Female",3,3,2,"L","N",3,3,"Y","Manufacturing Director",10502,9659,1,"No",17,1,1,"L",33,"Y",1,5,4,1,4,66
47,"Travel_Rarely","Research & Development",3,4,1,"Female",3,4,4,"L","Y",2,2,"Y","Research Director",17169,26703,8,"No",19,2,2,"H",26,"Y",4,20,17,5,6,67
45,"Travel_Rarely","Sales",2,3,1,"Female",1,5,2,"H","Y",1,3,"Y","Manager",18824,2493,2,"Yes",16,1,0,"L",26,"Y",3,24,10,1,11,50
47,"Travel_Frequently","Sales",16,3,3,"Male",1,4,2,"L","Y",1,1,"Y","Sales Executive",12936,24164,2,"No",11,3,0,"L",25,"Y",1,23,5,14,10,50
35,"Travel_Rarely","Production",17,3,4,"Male",2,1,2,"L","N",3,3,"Y","Machinists ",2450,21731,3,"No",19,2,0,"H",3,"Y",3,3,0,1,2,73
39,"Travel_Rarely","Sales",15,1,2,"Female",2,4,4,"L","Y",2,2,"Y","Sales Executive",12031,8828,4,"No",11,1,1,"L",21,"Y",2,20,9,9,6,64
29,"Travel_Rarely","Research & Development",2,4,2,"Female",4,3,1,"L","N",2,2,"Y","Manufacturing Director",9980,10195,1,"No",11,3,1,"L",10,"N",3,10,9,8,8,32
51,"Travel_Rarely","Finance",17,4,1,"Male",2,3,2,"L","N",2,2,"Y","Accountant",9008,9909,3,"Yes",18,4,0,"H",6,"Y",3,10,7,3,3,29
51,"Travel_Rarely","Sales",16,4,3,"Male",3,2,1,"L","Y",2,2,"N","Sales Executive",5441,8423,0,"Yes",22,4,0,"L",11,"N",1,10,7,1,0,50
53,"Travel_Rarely","IT_Suppport",19,4,1,"Male",2,4,1,"L","N",2,3,"Y","IT specialists",10075,11083,3,"Yes",16,2,1,"H",10,"N",1,2,6,2,7,30
33,"Travel_Frequently","Research & Development",21,2,1,"Female",3,3,2,"H","N",2,2,"Y","Research Director",13458,15146,1,"Yes",12,3,0,"H",15,"Y",3,15,14,8,12,70
41,"Travel_Rarely","Production",17,4,3,"Male",3,1,2,"L","Y",1,1,"Y","Machinists ",2289,20520,5,"No",20,2,2,"L",5,"Y",3,5,3,0,4,68
56,"Travel_Rarely","Research & Development",14,3,4,"Male",3,4,2,"H","Y",1,3,"Y","Manufacturing Director",13402,18235,3,"Yes",12,1,1,"H",33,"N",3,19,16,15,9,33
31,"Travel_Frequently","Production",17,4,1,"Female",2,3,2,"L","N",1,1,"N","Production Supervisors",5800,6380,9,"No",17,4,1,"H",10,"Y",2,4,6,3,7,30
49,"Travel_Rarely","Research & Development",18,1,3,"Female",2,4,1,"L","Y",1,2,"Y","Customercare Representative",13966,11652,3,"Yes",19,2,1,"L",30,"N",3,15,11,2,12,47
41,"Travel_Rarely","Production",13,3,4,"Male",3,1,1,"H","Y",2,3,"Y","Machinists ",4721,3119,6,"Yes",13,3,0,"L",20,"Y",3,18,13,2,17,55
57,"Travel_Rarely","Research & Development",18,2,3,"Male",4,3,2,"H","N",2,2,"Y","Customercare Representative",9439,23402,3,"Yes",16,2,1,"L",12,"Y",1,5,3,1,4,54
28,"Travel_Frequently","Production",8,3,1,"Male",2,1,2,"L","N",1,3,"N","Machinists ",2596,7160,1,"No",15,1,2,"L",1,"N",3,1,0,0,0,45
27,"Travel_Frequently","Production",11,4,1,"Female",3,2,4,"L","N",2,3,"N","Production Supervisors",5435,5979,1,"No",18,4,0,"L",9,"N",1,6,6,1,4,35
35,"Travel_Rarely","Research & Development",15,5,2,"Male",4,2,2,"L","N",2,3,"N","Research and Design Specialists",5208,26312,2,"No",11,4,0,"L",16,"N",3,16,15,1,10,46
30,"Travel_Rarely","Research & Development",9,3,3,"Female",2,2,2,"H","Y",3,2,"Y","Manufacturing Director",6877,20234,1,"Yes",24,2,0,"L",12,"Y",2,0,0,0,0,61
58,"Non-Travel","Sales",25,3,2,"Male",3,4,2,"L","Y",2,3,"Y","Manager",16291,22577,1,"No",22,4,1,"H",37,"Y",2,16,9,14,14,57
38,"Travel_Rarely","Sales",15,2,2,"Female",3,2,2,"L","N",1,2,"Y","Sales Executive",6893,19461,6,"No",15,4,1,"L",11,"Y",3,7,7,1,7,73
36,"Travel_Frequently","Production",7,4,1,"Male",4,2,3,"L","N",2,2,"Y","Machinists ",5562,19711,1,"Yes",13,4,1,"H",9,"Y",3,3,2,0,2,83
29,"Travel_Frequently","Production",20,1,4,"Male",3,1,4,"L","Y",3,3,"Y","Machinists ",3812,7003,3,"No",13,2,0,"H",11,"Y",4,11,8,3,10,64
31,"Travel_Rarely","Research & Development",20,4,3,"Male",3,1,4,"H","Y",2,3,"N","Research and Design Specialists",4821,10077,0,"Yes",12,3,1,"H",6,"Y",3,5,2,0,3,63
29,"Non-Travel","Research & Development",23,1,4,"Male",3,2,3,"H","Y",2,2,"Y","Manufacturing Director",4319,26283,1,"No",13,1,1,"H",10,"Y",3,10,7,0,9,76
28,"Non-Travel","Human Resources",19,2,3,"Male",3,1,4,"L","Y",1,3,"N","Human Resources",2706,10494,5,"No",15,2,1,"H",3,"Y",3,3,2,2,2,100
28,"Travel_Rarely","Research & Development",14,3,4,"Male",3,1,2,"H","N",3,3,"Y","Research and Design Specialists",2070,2613,1,"No",23,4,1,"H",5,"Y",2,5,2,0,4,66
45,"Travel_Rarely","Research & Development",10,3,2,"Male",1,3,2,"H","Y",1,3,"Y","Customercare Representative",10851,19863,2,"Yes",18,2,1,"H",24,"N",3,7,7,0,7,44
24,"Non-Travel","Production",22,2,1,"Female",4,2,1,"H","N",2,2,"N","Manufacturing Director",4011,8232,0,"No",18,4,1,"L",5,"Y",2,4,2,1,3,58
50,"Travel_Frequently","Human Resources",3,3,1,"Male",3,5,3,"H","N",3,1,"Y","Manager",18200,7999,5,"No",11,3,1,"H",32,"Y",3,32,5,10,7,86
32,"Travel_Frequently","Research & Development",22,1,2,"Female",1,1,1,"L","N",2,2,"N","Research and Design Specialists",3919,4681,1,"Yes",22,2,0,"L",10,"N",3,10,2,6,7,34
34,"Travel_Rarely","Human Resources",7,4,1,"Female",3,1,1,"H","Y",3,2,"N","Human Resources",2742,3072,5,"No",15,4,0,"L",2,"N",3,2,2,2,2,32
40,"Non-Travel","Research & Development",18,5,4,"Male",2,2,4,"H","N",3,3,"Y","Customercare Representative",4876,14242,9,"No",14,4,1,"H",5,"Y",1,3,2,0,2,67
47,"Travel_Frequently","Research & Development",2,4,3,"Male",4,2,4,"H","Y",1,3,"Y","Manufacturing Director",5067,6759,4,"Yes",19,3,0,"L",20,"Y",4,19,10,2,7,63
41,"Non-Travel","Sales",2,2,3,"Male",1,2,4,"H","Y",1,3,"Y","Sales Executive",6151,22074,9,"No",13,1,0,"L",19,"Y",3,19,2,11,9,67
42,"Travel_Rarely","Finance",21,3,1,"Male",2,3,2,"L","N",3,2,"Y","Accountant",9912,10903,7,"No",20,2,1,"H",5,"N",1,7,6,2,6,25
24,"Non-Travel","Production",1,1,1,"Male",2,1,1,"L","Y",2,3,"Y","Machinists ",3162,10778,8,"No",17,4,0,"L",6,"Y",2,5,2,3,4,51
58,"Travel_Rarely","Sales",16,3,4,"Female",3,4,2,"L","N",1,3,"Y","Manager",17875,11761,7,"Yes",13,3,1,"L",29,"N",2,1,0,0,0,46
46,"Travel_Rarely","Research & Development",5,4,4,"Male",3,2,2,"L","Y",3,1,"Y","Manufacturing Director",7379,17433,4,"No",11,3,1,"L",12,"Y",2,6,3,1,4,60
45,"Non-Travel","Sales",17,4,2,"Female",2,2,1,"L","Y",2,3,"Y","Sales Executive",5593,17970,4,"No",13,4,1,"L",15,"Y",3,15,10,4,12,55
33,"Travel_Rarely","Research & Development",14,1,2,"Female",3,1,2,"L","N",2,3,"N","Research and Design Specialists",3452,17241,6,"No",18,1,0,"L",5,"N",3,3,2,0,2,48
37,"Travel_Rarely","Human Resources",15,2,3,"Male",3,2,2,"L","Y",2,1,"Y","Human Resources",4071,12832,5,"No",13,3,0,"H",19,"N",2,10,0,4,7,48
58,"Travel_Rarely","Research & Development",16,3,2,"Female",2,1,2,"L","N",2,2,"N","Research and Design Specialists",3346,11873,4,"Yes",20,2,1,"L",9,"N",2,1,0,0,0,36
34,"Travel_Rarely","Sales",1,3,4,"Male",3,2,2,"H","N",2,2,"Y","Sales Executive",6274,18686,4,"No",22,3,0,"L",6,"Y",3,6,5,1,4,59
40,"Non-Travel","Research & Development",23,2,3,"Male",3,1,1,"H","N",1,3,"Y","Research and Design Specialists",3544,8532,6,"No",16,2,1,"L",6,"Y",3,4,2,0,0,56
38,"Travel_Rarely","Research & Development",23,3,2,"Female",1,3,2,"L","N",2,1,"Y","Research Director",13206,3376,6,"No",12,1,1,"L",20,"N",3,18,16,1,11,49
28,"Travel_Rarely","Finance",4,4,1,"Male",3,3,2,"L","N",3,3,"Y","Accountant",8959,9855,9,"Yes",17,4,0,"H",7,"Y",1,3,2,3,3,44
28,"Travel_Rarely","Finance",8,4,2,"Female",2,3,2,"L","Y",2,2,"Y","Accountant",8146,8961,8,"Yes",19,2,1,"H",8,"Y",3,8,2,3,6,55
30,"Travel_Rarely","Sales",3,4,3,"Male",3,3,2,"H","Y",2,2,"Y","Sales Executive",9250,17799,4,"No",12,2,1,"H",9,"Y",3,4,2,1,3,52
32,"Travel_Frequently","Research & Development",18,2,1,"Female",4,1,2,"L","N",3,3,"N","Research and Design Specialists",2432,15318,8,"Yes",14,1,0,"L",8,"Y",3,4,1,0,3,50
34,"Travel_Rarely","Research & Development",14,3,4,"Female",2,3,4,"H","N",1,2,"Y","Customercare Representative",8621,17654,8,"No",14,2,0,"L",9,"Y",4,8,7,7,7,63
34,"Travel_Rarely","Sales",8,4,2,"Male",4,2,2,"L","Y",3,3,"Y","Sales Executive",9725,12278,1,"No",11,4,1,"L",16,"Y",2,15,1,0,9,66
33,"Travel_Frequently","Research & Development",14,2,4,"Male",3,2,2,"L","Y",3,3,"Y","Customercare Representative",5968,18079,6,"No",20,3,3,"L",9,"Y",3,9,7,2,8,53
25,"Travel_Rarely","Sales",2,2,1,"Female",3,2,4,"L","Y",2,3,"Y","Sales Executive",4907,13684,2,"Yes",22,2,1,"L",6,"Y",2,5,3,0,4,69
52,"Travel_Rarely","IT_Suppport",1,3,1,"Male",4,4,3,"L","N",2,2,"Y","IT specialists",8109,8920,7,"No",19,4,1,"H",8,"N",2,3,3,3,7,36
36,"Travel_Frequently","Production",11,1,2,"Female",3,1,1,"L","N",2,1,"N","Machinists ",2153,7703,1,"No",13,1,0,"L",8,"N",3,8,1,1,7,26
35,"Travel_Rarely","Research & Development",8,2,2,"Male",2,2,1,"H","N",2,3,"Y","Manufacturing Director",5916,15497,3,"Yes",13,1,0,"L",8,"Y",3,1,0,0,1,55
29,"Travel_Frequently","Research & Development",23,3,4,"Female",3,1,1,"H","Y",3,3,"Y","Research and Design Specialists",3291,17940,7,"No",14,4,2,"L",8,"Y",2,7,5,1,1,58
43,"Travel_Rarely","Finance",5,3,1,"Male",3,3,1,"L","N",2,1,"Y","Accountant",8164,8980,8,"Yes",18,3,1,"H",7,"Y",3,8,2,2,3,32
37,"Travel_Rarely","Sales",16,2,2,"Male",2,2,4,"L","Y",2,3,"Y","Sales Executive",4189,8800,8,"No",14,1,2,"H",5,"Y",3,5,2,0,3,79
32,"Travel_Rarely","Sales",15,2,3,"Female",2,2,1,"L","Y",2,3,"N","Sales Executive",5228,24624,1,"Yes",11,4,0,"L",13,"N",3,13,12,11,9,35
27,"Travel_Rarely","Research & Development",19,3,4,"Female",2,2,2,"H","N",1,2,"Y","Customercare Representative",6811,23398,6,"No",19,1,0,"H",9,"Y",1,7,6,0,7,72
53,"Travel_Rarely","Production",13,3,4,"Male",3,2,2,"H","N",1,3,"N","Machinists ",2450,10919,9,"No",17,4,0,"L",19,"Y",3,2,2,2,2,61
52,"Travel_Rarely","Production",13,4,3,"Female",3,1,1,"L","N",1,1,"N","Machinists ",2950,17363,2,"No",13,3,0,"L",12,"N",1,5,4,0,4,31
48,"Travel_Rarely","Research & Development",20,3,4,"Male",3,3,4,"L","N",3,3,"Y","Manufacturing Director",7898,18706,9,"No",11,3,0,"L",11,"Y",3,10,9,0,8,63
35,"Travel_Frequently","Finance",24,4,2,"Male",3,2,2,"L","Y",2,2,"Y","Accountant",8021,8823,5,"No",18,2,1,"L",9,"Y",3,9,2,2,3,83
38,"Travel_Frequently","Research & Development",14,1,3,"Male",3,1,2,"H","Y",3,2,"Y","Research and Design Specialists",2684,12127,9,"No",17,2,1,"L",3,"Y",2,2,1,0,2,59
39,"Travel_Rarely","Research & Development",25,3,3,"Male",3,1,4,"H","N",2,3,"N","Research and Design Specialists",3904,22154,8,"No",13,1,0,"H",6,"N",3,5,2,0,3,8
25,"Non-Travel","Research & Development",14,2,2,"Male",4,2,2,"H","N",3,3,"Y","Customercare Representative",4000,18384,1,"No",12,4,2,"L",6,"Y",3,6,3,1,5,60
30,"Travel_Frequently","Research & Development",9,3,3,"Female",3,1,2,"H","N",3,3,"N","Research and Design Specialists",2083,22653,1,"No",20,3,1,"L",1,"Y",3,1,0,0,0,70
35,"Travel_Frequently","Production",6,3,2,"Female",3,2,2,"H","N",2,3,"Y","Machinists ",4425,15986,5,"No",11,4,0,"H",10,"Y",3,6,2,1,2,70
31,"Travel_Rarely","Sales",7,4,1,"Male",3,3,2,"L","N",1,1,"Y","Sales Executive",8161,19002,5,"No",13,1,3,"L",10,"Y",3,1,0,0,0,57
28,"Travel_Rarely","Research & Development",1,1,1,"Male",2,1,2,"L","Y",3,2,"Y","Research and Design Specialists",3201,19911,1,"No",17,1,0,"H",6,"Y",1,5,3,0,4,72
32,"Travel_Rarely","Research & Development",7,4,2,"Female",4,1,2,"L","Y",3,3,"Y","Research and Design Specialists",3312,18783,6,"No",17,4,2,"L",6,"Y",3,3,2,0,2,61
45,"Travel_Rarely","Research & Development",11,3,1,"Female",3,1,1,"L","Y",2,2,"N","Research and Design Specialists",4477,20100,9,"Yes",19,3,1,"L",7,"N",2,3,2,0,2,31
46,"Travel_Rarely","Research & Development",7,3,3,"Female",3,2,2,"H","N",3,1,"Y","Manufacturing Director",4810,26314,2,"No",14,3,1,"L",19,"Y",2,10,7,0,8,52
29,"Travel_Frequently","Production",21,1,4,"Female",3,1,2,"H","N",2,2,"Y","Machinists ",3180,4668,8,"No",13,3,3,"H",4,"Y",3,3,2,0,2,66
40,"Travel_Frequently","Production",5,3,4,"Female",3,2,2,"L","Y",1,2,"Y","Machinists ",6323,26849,2,"No",11,1,1,"L",10,"Y",4,10,9,9,4,68
46,"Travel_Frequently","Research & Development",22,3,3,"Male",2,3,2,"H","N",2,2,"Y","Customercare Representative",10673,3142,2,"Yes",13,3,1,"L",21,"Y",2,10,9,9,5,60
55,"Travel_Frequently","Research & Development",5,4,3,"Male",3,2,2,"L","N",1,3,"Y","Customercare Representative",6385,12992,5,"Yes",14,4,2,"L",17,"N",3,8,7,6,7,25
30,"Travel_Rarely","IT_Suppport",2,3,2,"Female",3,1,3,"L","Y",3,1,"Y","IT specialists",6985,7684,6,"No",15,3,0,"L",5,"Y",1,5,5,2,7,73
35,"Travel_Frequently","Research & Development",2,4,3,"Male",3,2,2,"H","N",2,1,"N","Research and Design Specialists",4249,2690,7,"Yes",11,2,0,"L",9,"Y",3,9,6,1,1,50
49,"Travel_Rarely","Research & Development",3,2,3,"Female",2,4,1,"H","N",2,2,"Y","Customercare Representative",13964,17810,7,"Yes",12,4,0,"L",25,"Y",3,7,1,0,7,51
54,"Travel_Rarely","Research & Development",13,2,1,"Female",3,2,1,"L","Y",2,3,"Y","Research and Design Specialists",2897,22474,5,"No",11,3,2,"L",9,"Y",2,4,3,2,3,51
34,"Travel_Rarely","Sales",17,1,4,"Female",2,2,1,"L","Y",2,3,"Y","Sales Executive",8103,16495,5,"Yes",12,3,0,"L",9,"Y",2,4,2,0,1,56
34,"Travel_Rarely","Research & Development",2,4,3,"Female",2,1,2,"H","Y",2,3,"Y","Research and Design Specialists",4381,7530,1,"No",11,3,0,"L",6,"Y",3,6,5,1,3,52
36,"Travel_Rarely","Production",3,2,4,"Male",3,2,3,"H","N",2,3,"Y","Machinists ",5914,9945,8,"No",16,4,0,"H",16,"Y",4,13,11,3,7,71
21,"Travel_Rarely","Research & Development",22,2,4,"Male",2,1,2,"H","N",3,3,"N","Research and Design Specialists",3230,10531,1,"No",17,1,0,"L",3,"Y",4,3,2,1,0,59
36,"Travel_Rarely","IT_Suppport",4,3,1,"Male",3,3,3,"L","Y",2,2,"Y","Sales Executive",NA,7151,6,"No",19,1,0,"L",7,"N",1,3,5,1,6,64
53,"Travel_Rarely","Finance",12,4,1,"Female",3,2,2,"H","N",3,2,"Y","Accountant",9933,10926,8,"Yes",18,1,1,"H",10,"N",2,5,5,1,7,46
27,"Travel_Rarely","IT_Suppport",7,3,1,"Male",3,3,4,"L","N",2,3,"N","IT specialists",5611,6172,9,"No",16,3,0,"H",10,"N",1,2,5,1,6,38
31,"Travel_Rarely","Sales",3,4,1,"Female",3,2,2,"L","N",3,3,"Y","Sales Executive",5476,22589,5,"No",11,1,2,"L",10,"Y",3,10,0,0,2,59
50,"Travel_Rarely","Research & Development",23,3,2,"Female",2,2,3,"L","Y",1,1,"Y","IT specialists",9375,10313,4,"No",17,2,1,"L",9,"Y",1,2,6,1,2,54
42,"Travel_Rarely","Research & Development",8,5,1,"Female",3,4,1,"L","Y",3,2,"N","Research Director",15992,15901,2,"No",14,2,0,"L",16,"N",3,1,0,0,0,27
45,"Travel_Rarely","Research & Development",15,3,3,"Male",3,1,1,"L","N",2,2,"N","Research and Design Specialists",3452,9752,5,"No",13,2,0,"L",9,"N",2,6,5,0,3,39
37,"Travel_Rarely","Research & Development",12,4,1,"Male",3,3,4,"L","N",2,2,"Y","Research Director",13664,25258,4,"No",13,1,0,"L",16,"Y",4,5,2,0,2,42
31,"Travel_Rarely","Research & Development",15,3,3,"Female",2,2,1,"H","Y",1,2,"Y","Customercare Representative",6812,17198,3,"No",19,2,0,"H",10,"N",3,10,9,1,8,28
19,"Travel_Frequently","Sales",22,1,3,"Female",1,1,1,"L","N",2,3,"N","Sales Representative",2325,20989,0,"No",21,1,0,"L",1,"N",4,0,0,0,0,40
30,"Non-Travel","Research & Development",18,1,3,"Male",2,3,4,"H","N",2,2,"Y","Manufacturing Director",8474,20925,1,"No",22,3,0,"H",12,"Y",3,11,8,5,8,64
28,"Travel_Rarely","Finance",17,4,1,"Female",3,2,3,"H","N",2,2,"Y","Accountant",8716,9588,2,"Yes",16,1,0,"H",5,"N",2,10,3,3,4,49
34,"Non-Travel","Research & Development",13,4,3,"Male",2,1,2,"L","Y",3,3,"Y","Research and Design Specialists",2979,22478,3,"No",17,4,3,"L",6,"Y",3,0,0,0,0,60
56,"Travel_Rarely","Research & Development",8,3,3,"Male",3,4,4,"H","N",3,2,"Y","Customercare Representative",11103,20420,4,"No",11,3,0,"L",30,"Y",2,10,7,1,1,69
38,"Travel_Rarely","Research & Development",8,3,4,"Male",3,2,1,"L","Y",2,1,"Y","Manufacturing Director",6261,4185,3,"No",18,1,1,"L",9,"N",1,7,7,1,7,18
31,"Travel_Rarely","Sales",16,1,2,"Male",3,2,2,"H","N",2,3,"N","Sales Executive",6582,8346,4,"Yes",13,3,0,"H",10,"Y",4,6,5,0,5,72
60,"Travel_Rarely","Research & Development",12,3,1,"Female",3,5,2,"L","N",2,2,"Y","Manager",19566,3854,5,"No",11,4,0,"L",33,"N",1,29,8,11,10,44
28,"Travel_Rarely","Sales",7,4,2,"Female",3,2,2,"L","N",3,3,"N","Sales Executive",4779,3698,7,"Yes",20,1,0,"L",8,"N",3,8,7,7,5,44
37,"Travel_Rarely","Research & Development",17,3,3,"Male",4,2,4,"H","N",2,3,"Y","Research and Design Specialists",5974,17001,4,"Yes",13,1,2,"H",13,"Y",3,7,7,6,7,67
29,"Travel_Rarely","Production",5,3,1,"Male",2,3,4,"L","N",2,1,"N","Production Supervisors",5929,6522,8,"No",15,1,1,"H",6,"Y",1,4,7,1,3,30
50,"Travel_Rarely","IT_Suppport",7,4,2,"Male",2,4,3,"L","N",3,2,"Y","IT specialists",10366,11403,3,"No",16,1,0,"H",5,"N",2,2,5,3,4,42
33,"Travel_Rarely","Research & Development",9,3,4,"Male",2,3,2,"H","Y",1,1,"Y","Customercare Representative",7119,21214,2,"No",15,3,1,"L",9,"Y",3,3,2,1,2,62
18,"Non-Travel","Production",14,1,3,"Male",3,1,1,"H","N",3,3,"Y","Machinists ",1904,13556,8,"No",12,4,0,"L",0,"Y",3,0,0,0,0,55
36,"Travel_Rarely","Research & Development",10,3,4,"Male",2,1,2,"H","N",3,3,"Y","Research and Design Specialists",3388,21777,0,"Yes",17,1,1,"H",2,"Y",2,1,0,0,0,67
48,"Travel_Rarely","Finance",14,3,1,"Male",2,2,2,"L","N",2,1,"Y","Accountant",8065,8872,9,"Yes",18,1,1,"H",8,"N",1,2,4,1,7,42
18,"Travel_Frequently","Sales",7,2,2,"Female",3,1,2,"L","Y",2,2,"N","Sales Representative",1569,18420,8,"Yes",12,3,0,"L",0,"Y",4,0,0,0,0,50
47,"Travel_Rarely","Sales",19,4,2,"Female",4,4,4,"L","N",1,3,"Y","Manager",15972,21086,4,"No",14,3,3,"L",29,"Y",3,3,2,1,2,69
39,"Travel_Rarely","IT_Suppport",13,4,2,"Male",3,2,4,"L","N",3,3,"N","IT specialists",5717,6289,7,"Yes",15,4,0,"H",5,"N",2,2,3,1,4,27
39,"Travel_Rarely","Research & Development",15,5,2,"Male",3,2,2,"L","Y",2,2,"N","Manufacturing Director",5377,3835,6,"No",13,4,3,"L",10,"N",3,7,7,7,7,41
53,"Travel_Rarely","Sales",18,2,1,"Female",2,3,2,"H","Y",1,3,"Y","Sales Executive",10934,20715,9,"Yes",18,4,1,"L",35,"Y",3,5,2,0,4,54
40,"Travel_Frequently","Research & Development",7,4,3,"Male",2,4,4,"H","N",2,2,"Y","Customercare Representative",13503,14115,1,"No",22,4,1,"H",22,"Y",2,22,3,11,11,69
33,"Non-Travel","Sales",12,3,3,"Female",3,2,2,"L","N",2,3,"N","Sales Executive",5368,16130,8,"Yes",25,3,1,"L",7,"Y",3,6,5,1,2,50
28,"Travel_Rarely","Finance",9,3,2,"Male",2,2,2,"L","N",1,3,"Y","Accountant",9814,10795,8,"Yes",17,2,1,"H",7,"Y",3,3,2,3,6,40
22,"Travel_Rarely","Production",3,1,2,"Male",1,1,1,"L","Y",3,3,"Y","Machinists ",2451,6881,4,"No",15,1,1,"L",4,"Y",2,4,3,1,1,58
36,"Travel_Rarely","Research & Development",17,4,4,"Female",3,2,3,"L","Y",1,1,"Y","Research and Design Specialists",6962,19573,1,"Yes",22,4,1,"H",15,"Y",3,1,0,0,0,75
24,"Travel_Rarely","Sales",13,1,1,"Female",3,1,2,"H","N",2,2,"Y","Sales Representative",3202,21972,1,"Yes",16,2,0,"L",6,"Y",3,5,3,1,4,57
45,"Travel_Frequently","Research & Development",12,4,1,"Male",4,2,3,"H","N",2,3,"Y","Manufacturing Director",6434,5118,4,"No",17,4,1,"H",9,"Y",3,3,2,0,2,71
38,"Travel_Frequently","Research & Development",13,3,4,"Male",2,3,1,"L","N",2,2,"Y","Manufacturing Director",9526,8787,0,"No",21,2,0,"L",10,"N",3,9,7,1,8,39
36,"Travel_Rarely","Finance",1,3,1,"Male",2,2,2,"L","Y",1,3,"Y","Accountant",9318,10250,2,"No",19,2,0,"L",7,"N",3,8,6,3,5,64
24,"Travel_Frequently","Production",21,3,1,"Female",3,1,1,"L","N",2,1,"N","Machinists ",2886,14168,8,"Yes",16,4,1,"L",6,"N",3,6,3,1,2,34
37,"Travel_Rarely","Sales",15,4,1,"Male",2,3,1,"H","Y",3,2,"Y","Sales Executive",10609,14922,4,"No",11,3,0,"L",17,"Y",1,14,1,11,7,51
31,"Travel_Frequently","Research & Development",18,1,4,"Female",3,2,1,"L","Y",2,3,"N","Manufacturing Director",5238,6670,2,"No",20,4,0,"L",9,"N",2,5,4,1,4,34
28,"Travel_Frequently","Research & Development",18,3,3,"Male",2,1,4,"H","Y",2,2,"Y","Research and Design Specialists",2703,22088,8,"Yes",14,4,1,"L",3,"Y",3,3,1,0,2,67
23,"Travel_Rarely","Production",2,2,4,"Male",3,1,2,"L","Y",3,3,"N","Machinists ",2647,13672,9,"No",13,3,0,"L",5,"Y",4,5,2,1,4,62
31,"Travel_Rarely","Research & Development",25,2,2,"Female",3,2,3,"H","N",3,2,"Y","Manufacturing Director",4306,4156,1,"No",12,2,1,"H",13,"Y",1,13,10,3,12,71
31,"Travel_Rarely","Sales",15,4,1,"Male",4,2,3,"H","N",2,3,"Y","Sales Executive",5460,6219,4,"No",22,4,2,"H",13,"Y",4,7,7,5,7,71
37,"Non-Travel","Sales",4,4,1,"Male",3,3,2,"H","N",1,2,"Y","Sales Executive",8834,24666,7,"No",13,4,1,"H",9,"Y",3,9,5,7,7,62
21,"Travel_Rarely","Research & Development",14,1,4,"Female",2,1,2,"H","Y",1,3,"Y","Research and Design Specialists",2070,25326,1,"Yes",11,3,0,"L",2,"Y",4,2,2,2,2,60
29,"Travel_Frequently","Research & Development",5,1,3,"Female",3,3,2,"L","N",3,3,"Y","Customercare Representative",7553,22930,3,"Yes",12,1,0,"L",9,"N",3,8,7,7,7,24
50,"Travel_Rarely","Finance",7,3,2,"Male",3,3,2,"L","Y",3,1,"Y","Accountant",9399,10339,8,"No",19,1,0,"L",7,"N",1,3,5,1,6,61
42,"Travel_Rarely","Research & Development",10,3,3,"Male",3,3,4,"L","Y",3,2,"Y","Research Director",13348,14842,4,"No",13,2,1,"L",18,"Y",4,13,7,5,7,69
38,"Travel_Rarely","Research & Development",8,2,2,"Male",3,1,2,"L","Y",1,1,"Y","Research and Design Specialists",4771,14293,8,"No",19,4,2,"L",10,"Y",4,5,2,0,3,57
46,"Travel_Frequently","Research & Development",3,1,1,"Female",3,3,1,"H","N",2,2,"Y","Customercare Representative",10527,8984,5,"No",11,4,0,"L",28,"Y",2,2,2,1,2,51
23,"Travel_Rarely","Production",12,1,1,"Male",3,2,2,"L","Y",2,2,"N","Machinists ",2272,24812,9,"No",14,2,0,"H",5,"N",3,4,3,1,2,42
50,"Travel_Frequently","Sales",22,4,2,"Male",3,2,2,"L","N",2,3,"Y","Sales Executive",6728,14255,5,"No",12,4,2,"L",12,"N",3,6,3,0,1,46
55,"Travel_Rarely","Research & Development",13,3,4,"Female",3,4,2,"H","N",1,2,"N","Manager",14756,19730,2,"Yes",14,3,3,"H",21,"Y",3,5,0,0,2,63
47,"Travel_Rarely","Sales",18,3,3,"Female",3,2,2,"L","N",1,2,"N","Sales Executive",4591,24200,9,"Yes",17,3,1,"H",11,"N",2,5,4,1,2,46
45,"Travel_Rarely","Research & Development",13,2,2,"Female",2,2,2,"L","Y",2,2,"Y","Manufacturing Director",5906,23888,5,"No",13,4,2,"H",10,"Y",2,9,8,3,8,61
29,"Travel_Rarely","Research & Development",1,3,3,"Male",3,2,4,"H","Y",2,2,"Y","Customercare Representative",6623,4204,3,"Yes",11,2,2,"L",6,"Y",3,6,0,1,0,65
32,"Non-Travel","Production",18,3,4,"Male",3,1,2,"L","Y",1,3,"Y","Machinists ",2314,9148,8,"No",12,2,1,"L",4,"Y",3,3,0,0,2,68
34,"Travel_Rarely","Research & Development",23,3,3,"Female",2,3,1,"H","Y",1,2,"Y","Manager",11631,5615,2,"No",12,4,0,"H",14,"Y",3,11,10,5,8,62
37,"Travel_Rarely","Research & Development",14,1,4,"Female",3,1,2,"L","N",1,3,"N","Research and Design Specialists",2782,19905,3,"Yes",13,2,2,"L",6,"N",2,5,3,4,3,49
32,"Travel_Rarely","Research & Development",12,3,4,"Male",3,1,3,"L","Y",2,3,"N","Research and Design Specialists",2439,11288,1,"No",14,4,0,"L",4,"Y",3,4,2,1,2,75
36,"Travel_Rarely","Production",4,3,1,"Male",3,2,1,"H","N",2,2,"N","Machinists ",4834,7858,8,"No",14,2,1,"L",9,"N",2,1,0,0,0,35
32,"Travel_Rarely","Production",10,4,3,"Female",2,1,2,"L","Y",2,1,"Y","Machinists ",2837,15919,5,"No",13,3,0,"L",6,"Y",3,6,2,4,1,59
41,"Travel_Rarely","Sales",17,3,3,"Female",3,2,4,"L","Y",3,3,"Y","Sales Executive",4393,26841,7,"No",21,3,1,"L",14,"Y",3,5,4,1,4,64
28,"Travel_Rarely","Research & Development",17,3,3,"Male",3,1,1,"L","N",2,3,"N","Research and Design Specialists",2713,6672,1,"No",11,3,1,"L",5,"N",1,5,2,0,2,28
42,"Travel_Rarely","Sales",14,2,4,"Male",3,5,2,"L","N",1,1,"Y","Manager",18303,7770,2,"No",13,2,0,"L",21,"N",4,1,0,0,0,41
29,"Travel_Frequently","Sales",8,3,1,"Female",3,2,2,"H","Y",2,3,"Y","Sales Executive",5765,17485,2,"No",11,1,0,"H",7,"Y",1,5,3,0,0,57
33,"Travel_Rarely","Finance",6,3,1,"Female",3,3,2,"L","N",2,2,"Y","Accountant",8676,9544,3,"Yes",19,4,1,"L",6,"N",1,9,7,2,3,36
47,"Travel_Rarely","Research & Development",18,3,1,"Male",3,1,2,"L","N",2,3,"N","Research and Design Specialists",3420,10205,7,"No",12,3,1,"H",17,"Y",2,6,5,1,2,50
31,"Travel_Rarely","Production",1,4,4,"Male",3,2,1,"L","Y",3,2,"N","Machinists ",5915,9528,3,"No",22,4,1,"L",10,"Y",2,7,7,1,7,33
46,"Travel_Rarely","Research & Development",15,2,4,"Male",3,5,2,"H","Y",3,1,"Y","Research Director",19081,10849,4,"No",11,1,1,"L",25,"Y",3,4,2,0,3,57
21,"Non-Travel","Sales",23,2,1,"Male",3,1,2,"H","N",3,3,"Y","Sales Representative",2610,2851,1,"No",24,3,0,"H",3,"Y",2,3,2,2,2,66
37,"Travel_Rarely","Research & Development",8,4,4,"Male",3,2,2,"L","N",1,3,"N","Research and Design Specialists",4284,13588,1,"Yes",22,3,1,"H",16,"N",3,5,3,0,4,42
52,"Travel_Rarely","Finance",14,4,2,"Male",3,2,2,"L","Y",1,3,"N","Accountant",8719,9591,2,"Yes",16,4,0,"L",5,"Y",3,6,6,1,7,73
41,"Travel_Frequently","Research & Development",24,3,1,"Male",3,5,4,"L","Y",3,3,"Y","Research Director",19419,3735,4,"No",17,2,1,"L",21,"Y",4,18,16,0,11,64
29,"Travel_Rarely","Finance",19,3,1,"Male",3,2,2,"L","N",2,2,"Y","Accountant",9112,10023,3,"No",20,4,1,"H",8,"Y",2,8,6,3,5,40
36,"Travel_Frequently","Sales",19,3,1,"Female",4,2,4,"L","Y",2,1,"Y","Sales Executive",4639,2261,9,"No",16,4,1,"L",17,"Y",2,15,7,6,13,63
31,"Travel_Rarely","Sales",3,3,2,"Female",1,2,1,"L","N",3,2,"N","Sales Executive",4559,24788,3,"Yes",11,3,1,"L",4,"N",3,2,2,2,2,15
37,"Travel_Rarely","Finance",25,3,1,"Female",3,3,4,"H","Y",2,2,"Y","Accountant",9172,10089,8,"Yes",19,4,1,"H",6,"Y",3,6,6,1,6,56
29,"Travel_Rarely","Research & Development",15,3,4,"Female",2,1,1,"L","Y",3,3,"Y","Research and Design Specialists",2404,11479,8,"Yes",20,3,0,"L",3,"Y",3,0,0,0,0,58
49,"Travel_Frequently","Research & Development",4,1,3,"Male",2,2,4,"H","N",2,3,"Y","Research and Design Specialists",5130,24907,1,"No",23,4,1,"H",10,"Y",3,10,7,1,7,79
46,"Travel_Rarely","Sales",7,4,2,"Female",3,5,4,"L","N",2,2,"Y","Manager",18947,22822,3,"No",12,4,0,"H",22,"Y",2,2,2,2,1,64
34,"Travel_Rarely","Research & Development",6,4,3,"Female",3,2,2,"H","N",3,3,"Y","Customercare Representative",6687,6163,1,"No",11,4,0,"L",14,"Y",4,14,11,4,11,60
49,"Travel_Rarely","Sales",21,4,4,"Female",3,2,1,"L","N",2,1,"N","Sales Executive",4507,8191,2,"No",12,3,0,"L",8,"N",4,5,1,0,4,38
37,"Travel_Rarely","Research & Development",9,3,1,"Male",3,2,2,"H","N",3,3,"Y","Research and Design Specialists",4285,3031,9,"No",17,1,0,"H",10,"Y",3,10,8,3,7,66
54,"Travel_Rarely","Sales",2,4,3,"Female",2,3,1,"L","N",2,3,"Y","Sales Executive",10686,8392,9,"No",11,2,1,"L",13,"N",3,9,4,7,0,47
33,"Travel_Rarely","Human Resources",15,2,4,"Male",3,1,2,"H","Y",3,2,"Y","Human Resources",2277,22650,1,"Yes",11,3,1,"H",7,"Y",4,4,3,0,3,77
56,"Travel_Frequently","Sales",18,3,3,"Female",4,4,2,"L","N",1,2,"Y","Sales Executive",13212,18256,9,"No",11,4,3,"L",36,"N",2,7,7,7,7,43
54,"Travel_Rarely","Sales",23,3,1,"Male",3,2,1,"H","Y",1,3,"Y","IT specialists",8450,9295,6,"No",20,1,0,"L",7,"Y",1,6,5,2,3,59
31,"Travel_Rarely","Human Resources",9,5,4,"Male",4,1,1,"L","Y",1,2,"Y","Human Resources",2956,21495,3,"No",17,3,0,"H",2,"Y",3,1,0,0,0,55
29,"Travel_Rarely","Research & Development",22,3,2,"Female",3,2,4,"H","N",2,3,"Y","Customercare Representative",4335,25549,1,"No",12,1,1,"L",11,"Y",2,8,7,1,1,63
40,"Travel_Rarely","Sales",19,4,2,"Male",3,5,2,"L","Y",2,1,"Y","Manager",19833,4349,8,"No",14,2,0,"L",21,"Y",2,21,8,12,8,52
32,"Travel_Rarely","Production",13,3,4,"Male",2,1,2,"L","N",2,3,"N","Machinists ",3730,9571,0,"Yes",14,4,0,"L",4,"N",1,3,2,1,2,36
46,"Travel_Rarely","Research & Development",16,2,4,"Male",3,3,4,"L","N",2,3,"Y","Manufacturing Director",8578,19989,1,"No",14,3,1,"H",12,"Y",2,9,8,4,7,63
47,"Travel_Rarely","IT_Suppport",7,3,1,"Male",4,4,1,"H","Y",2,3,"Y","IT specialists",10749,11824,9,"Yes",19,1,0,"L",9,"Y",3,9,2,3,4,75
34,"Travel_Frequently","Research & Development",4,4,3,"Male",2,2,1,"L","N",2,3,"N","Research and Design Specialists",5747,26496,6,"Yes",15,2,0,"H",16,"N",3,15,10,6,11,32
43,"Travel_Frequently","Production",11,5,4,"Male",3,2,4,"H","N",3,2,"Y","Machinists ",5679,19627,6,"Yes",13,2,1,"L",10,"Y",3,8,7,4,7,65
26,"Travel_Rarely","Sales",7,2,1,"Male",3,2,2,"L","N",3,1,"N","Sales Executive",4306,4267,5,"No",12,1,2,"L",8,"N",3,0,0,0,0,44
29,"Travel_Rarely","Human Resources",13,3,2,"Male",2,3,1,"L","N",2,2,"Y","Human Resources",7988,9769,7,"No",13,1,0,"L",10,"N",2,10,9,0,9,39
59,"Travel_Frequently","Sales",5,1,1,"Female",2,2,2,"L","N",2,3,"N","Sales Executive",5473,24668,7,"No",11,4,0,"L",20,"Y",2,4,3,1,3,49
45,"Non-Travel","Sales",10,3,4,"Female",2,3,2,"L","Y",2,2,"N","Sales Executive",8865,16840,6,"No",12,4,0,"L",23,"Y",3,19,7,12,8,50
39,"Travel_Rarely","Production",5,4,3,"Female",3,1,4,"H","Y",3,3,"Y","Machinists ",2232,15417,7,"No",14,3,3,"H",7,"Y",3,3,2,1,2,63
27,"Travel_Rarely","Research & Development",7,1,3,"Male",2,3,2,"L","N",1,3,"Y","Research Director",12808,8842,8,"Yes",16,2,1,"L",9,"N",3,9,8,0,8,42
50,"Travel_Rarely","Sales",6,3,4,"Male",2,3,2,"L","N",2,2,"Y","Sales Executive",10854,16586,8,"Yes",13,2,1,"L",20,"N",3,3,2,2,0,49
27,"Travel_Rarely","IT_Suppport",15,3,1,"Female",2,5,2,"L","Y",3,3,"Y","IT specialists",9049,9954,5,"No",18,2,1,"L",10,"Y",1,8,2,3,6,75
35,"Travel_Rarely","Production",22,4,4,"Male",2,1,2,"H","Y",1,3,"Y","Machinists ",2258,16340,3,"No",12,2,1,"L",10,"Y",3,8,0,1,7,66
50,"Travel_Rarely","Research & Development",5,3,3,"Male",3,4,2,"L","N",1,2,"Y","Research Director",17639,6881,8,"No",16,4,0,"L",30,"Y",3,4,3,0,3,50
41,"Travel_Rarely","IT_Suppport",24,4,1,"Male",2,5,4,"H","Y",3,3,"Y","IT specialists",5514,6065,2,"Yes",17,1,0,"H",10,"Y",1,7,7,2,5,52
27,"Travel_Rarely","Research & Development",9,3,2,"Male",4,2,4,"L","Y",2,3,"Y","Manufacturing Director",6142,5174,8,"Yes",20,2,1,"L",6,"Y",3,6,2,0,3,64
33,"Travel_Rarely","Research & Development",11,3,3,"Male",3,1,2,"H","N",3,3,"N","Research and Design Specialists",2500,10515,0,"No",14,1,0,"L",4,"Y",4,3,1,0,2,54
32,"Travel_Frequently","Production",19,4,1,"Female",2,2,2,"L","N",2,3,"Y","Production Supervisors",6830,7513,5,"No",15,2,1,"H",10,"Y",1,6,4,2,5,32
54,"Travel_Frequently","Finance",12,4,2,"Female",3,2,1,"L","N",1,2,"Y","Accountant",8540,9394,2,"No",15,4,1,"L",7,"N",3,4,5,3,6,29
21,"Travel_Rarely","Research & Development",24,1,3,"Male",3,1,3,"L","N",3,1,"Y","Research and Design Specialists",3117,26009,1,"No",18,3,0,"H",3,"Y",3,2,2,2,2,84
51,"Travel_Rarely","Research & Development",5,3,4,"Male",1,2,4,"H","N",2,3,"Y","Manufacturing Director",5482,16321,5,"No",18,4,1,"H",13,"Y",3,4,1,1,2,74
27,"Travel_Rarely","Research & Development",18,3,2,"Female",4,1,3,"L","Y",1,1,"Y","Research and Design Specialists",3517,22490,2,"No",17,1,0,"L",5,"Y",3,3,2,0,2,71
28,"Travel_Rarely","Finance",24,4,1,"Female",3,3,2,"L","Y",2,3,"Y","Accountant",8263,9089,6,"Yes",19,2,1,"L",10,"Y",1,2,7,2,5,67
34,"Travel_Rarely","Production",19,2,2,"Male",2,2,2,"L","N",2,3,"Y","Machinists ",3986,11912,8,"No",14,3,1,"L",15,"Y",4,15,10,4,13,66
32,"Travel_Frequently","Production",11,3,2,"Male",4,1,4,"H","Y",3,3,"Y","Machinists ",2794,26062,1,"No",20,3,0,"H",5,"Y",1,5,1,0,3,64
47,"Travel_Rarely","Sales",21,2,4,"Female",3,2,2,"H","Y",2,3,"Y","Sales Executive",4163,8571,5,"Yes",17,3,0,"L",9,"Y",3,9,0,0,7,68
29,"Travel_Rarely","Research & Development",24,2,3,"Male",4,1,2,"L","N",2,3,"N","Research and Design Specialists",2700,23779,5,"No",24,3,1,"L",10,"N",3,10,7,0,7,43
22,"Travel_Rarely","Research & Development",7,1,1,"Male",3,1,2,"H","N",3,3,"Y","Research and Design Specialists",2773,12145,7,"No",20,4,0,"L",3,"Y",3,2,2,2,2,61
39,"Travel_Rarely","Finance",22,4,1,"Female",2,3,3,"H","Y",2,3,"Y","Accountant",9412,10353,2,"Yes",15,4,0,"L",5,"Y",1,4,5,3,2,68
48,"Travel_Frequently","Research & Development",7,3,4,"Female",3,4,1,"L","N",3,3,"Y","Manager",17174,2437,8,"No",11,2,1,"H",24,"N",3,22,17,4,7,34
38,"Travel_Rarely","Research & Development",17,1,2,"Male",3,2,1,"L","N",2,3,"Y","Customercare Representative",6673,11354,7,"Yes",19,2,0,"L",17,"N",3,1,0,0,0,18
35,"Travel_Rarely","Finance",22,3,2,"Female",2,3,4,"H","N",3,3,"Y","Accountant",8872,9759,6,"Yes",19,4,1,"L",10,"N",3,3,5,2,4,47
37,"Non-Travel","Sales",6,2,1,"Male",3,3,1,"H","Y",1,1,"Y","Sales Executive",7642,4814,8,"Yes",13,4,0,"L",10,"Y",3,10,0,0,9,58
58,"Non-Travel","Research & Development",5,4,4,"Male",1,2,2,"H","N",3,3,"Y","Customercare Representative",5660,17056,2,"Yes",13,4,1,"H",12,"Y",3,5,3,1,2,91
33,"Travel_Rarely","Production",10,3,3,"Male",3,1,2,"L","Y",2,3,"N","Machinists ",2436,22149,5,"Yes",13,3,1,"L",8,"N",1,5,4,0,4,30
30,"Travel_Frequently","Production",1,2,3,"Female",3,2,2,"H","N",2,3,"Y","Machinists ",4011,10781,1,"No",23,4,0,"L",12,"Y",3,12,8,3,7,58
28,"Travel_Rarely","Production",19,2,3,"Male",3,2,1,"H","N",3,1,"Y","Machinists ",4558,13535,1,"No",12,4,1,"L",10,"Y",3,10,0,1,8,56
34,"Travel_Rarely","Sales",11,4,1,"Female",2,2,2,"H","Y",2,3,"N","Sales Executive",4599,7815,3,"Yes",23,3,0,"L",16,"N",4,15,9,10,10,36
40,"Travel_Rarely","Production",14,4,4,"Female",4,1,1,"L","N",2,3,"N","Machinists ",2213,22495,3,"Yes",13,3,1,"L",10,"N",3,7,7,1,7,47
27,"Travel_Rarely","Sales",25,3,4,"Male",3,2,2,"L","Y",3,2,"Y","Sales Executive",4105,5099,1,"No",14,1,0,"L",7,"Y",3,7,7,0,7,53
45,"Travel_Rarely","Human Resources",13,4,2,"Male",3,1,1,"L","Y",1,3,"Y","Human Resources",2177,8318,4,"No",16,1,0,"L",6,"Y",3,6,3,0,4,55
50,"Travel_Frequently","Sales",2,3,3,"Female",3,3,1,"H","Y",3,2,"Y","Sales Executive",9208,6645,4,"No",11,4,0,"L",16,"Y",3,2,2,2,1,56
41,"Travel_Rarely","Research & Development",21,3,2,"Male",4,2,1,"L","Y",2,3,"Y","Customercare Representative",6870,15530,1,"No",12,1,0,"H",11,"Y",1,3,2,1,2,56
39,"Non-Travel","Production",22,3,1,"Female",2,1,1,"L","Y",3,2,"N","Machinists ",3646,17181,1,"Yes",23,2,0,"L",11,"N",4,1,0,0,0,40
26,"Travel_Frequently","Research & Development",21,2,1,"Male",3,2,2,"H","N",2,3,"Y","Customercare Representative",4741,22722,1,"Yes",13,3,1,"H",5,"Y",3,5,3,3,3,66
33,"Travel_Rarely","Research & Development",24,3,4,"Male",2,2,2,"L","Y",3,3,"N","Manufacturing Director",4320,24152,2,"No",13,4,0,"H",5,"N",3,5,3,0,2,41
21,"Travel_Rarely","Research & Development",9,1,4,"Female",3,1,1,"H","N",1,3,"N","Research and Design Specialists",2693,8870,9,"No",19,1,0,"L",1,"N",2,1,0,0,0,31
52,"Travel_Rarely","Sales",19,1,1,"Female",1,5,2,"L","N",3,3,"Y","Manager",19845,25846,8,"No",15,4,1,"L",33,"N",3,32,14,6,9,48
35,"Travel_Frequently","Sales",9,5,2,"Male",3,3,2,"H","N",2,2,"Y","Sales Executive",9069,11031,1,"No",22,4,1,"L",9,"Y",2,9,8,1,8,58
38,"Non-Travel","Research & Development",14,3,2,"Female",1,2,3,"L","Y",2,3,"N","Research and Design Specialists",5329,15717,7,"Yes",12,4,3,"L",17,"Y",3,13,11,1,9,33
51,"Travel_Rarely","Production",7,4,4,"Male",3,1,3,"L","N",2,3,"N","Machinists ",2075,18725,3,"No",23,2,2,"L",10,"Y",3,4,2,0,3,48
29,"Travel_Rarely","Research & Development",23,3,4,"Female",2,4,2,"L","Y",3,2,"Y","Research Director",16124,3423,2,"No",14,2,2,"L",9,"Y",2,7,7,1,7,62
33,"Travel_Rarely","IT_Suppport",13,4,1,"Male",3,3,4,"L","N",1,3,"Y","IT specialists",8542,9396,1,"Yes",17,1,0,"L",7,"N",3,9,5,1,7,39
57,"Travel_Rarely","Research & Development",11,2,2,"Male",4,2,4,"H","Y",2,2,"Y","Research and Design Specialists",4900,2721,2,"No",24,1,1,"H",13,"Y",2,12,9,2,8,67
47,"Travel_Rarely","Research & Development",8,2,1,"Female",3,2,2,"L","N",2,3,"N","Manufacturing Director",5070,7389,5,"No",13,3,3,"L",20,"N",3,5,0,0,4,41
46,"Travel_Rarely","Sales",2,2,4,"Female",2,5,2,"H","N",3,2,"Y","Manager",18789,9946,3,"No",14,3,1,"H",26,"N",3,11,4,0,8,46
39,"Travel_Rarely","Research & Development",22,2,1,"Male",3,2,3,"L","Y",2,2,"Y","Manufacturing Director",5151,12315,9,"No",25,4,1,"L",10,"Y",3,10,0,7,9,71
36,"Travel_Rarely","Research & Development",7,3,4,"Male",3,3,2,"L","Y",2,2,"Y","Customercare Representative",8321,25949,8,"Yes",13,4,1,"H",15,"N",3,12,8,5,7,45
27,"Non-Travel","Research & Development",19,3,4,"Male",3,1,4,"H","Y",2,2,"Y","Research and Design Specialists",1706,16571,2,"No",11,3,3,"H",0,"Y",2,0,0,0,0,79
44,"Travel_Rarely","Research & Development",19,4,3,"Male",3,1,1,"H","Y",2,1,"N","Research and Design Specialists",2936,10826,7,"Yes",11,3,0,"L",6,"N",3,6,4,0,2,47
36,"Travel_Rarely","Sales",1,2,2,"Male",3,2,3,"H","Y",1,2,"Y","Sales Executive",6201,2823,5,"Yes",14,4,1,"H",18,"Y",2,18,14,4,11,87
46,"Travel_Rarely","Research & Development",18,4,3,"Male",3,5,2,"L","Y",3,1,"N","Research Director",19328,14218,1,"Yes",17,3,1,"H",24,"Y",3,2,1,2,2,60
41,"Non-Travel","Human Resources",11,3,3,"Male",1,2,2,"L","Y",1,2,"Y","Human Resources",6430,20794,7,"No",19,2,1,"L",10,"N",3,3,2,1,2,43
31,"Travel_Frequently","Research & Development",25,3,4,"Male",1,2,2,"L","Y",1,2,"Y","Research and Design Specialists",5003,5771,1,"No",21,2,0,"L",10,"Y",3,10,8,8,7,78
51,"Travel_Rarely","Research & Development",16,3,3,"Male",3,1,1,"H","Y",3,3,"Y","Research and Design Specialists",2723,23231,1,"No",11,2,0,"L",1,"Y",2,1,0,0,0,51
24,"Travel_Rarely","Research & Development",21,3,2,"Male",4,1,2,"H","N",3,3,"Y","Research and Design Specialists",2725,21630,3,"Yes",11,2,2,"L",6,"Y",3,6,5,1,4,59
30,"Travel_Rarely","IT_Suppport",7,2,2,"Male",2,2,3,"L","N",3,2,"Y","Sales Executive",7413,8896,7,"No",20,3,0,"L",10,"Y",2,8,3,2,6,80
39,"Travel_Frequently","Production",18,1,3,"Female",3,1,2,"H","N",2,2,"Y","Machinists ",3755,17872,1,"No",11,1,1,"H",8,"Y",3,8,3,0,7,62
33,"Travel_Rarely","Sales",13,4,2,"Male",3,2,4,"L","Y",2,3,"Y","Sales Executive",5487,10410,8,"No",14,2,0,"L",10,"Y",2,10,4,0,9,67
22,"Non-Travel","Research & Development",10,2,2,"Female",2,1,2,"L","Y",2,1,"N","Research and Design Specialists",2814,10293,8,"Yes",14,2,0,"L",4,"N",2,4,2,1,3,49
25,"Travel_Rarely","Production",4,1,4,"Male",3,1,2,"L","Y",2,3,"N","Machinists ",3977,7298,5,"Yes",19,3,1,"L",7,"Y",2,2,2,0,2,66
48,"Travel_Rarely","Finance",6,3,1,"Male",2,2,2,"L","Y",2,2,"Y","Accountant",8911,9802,6,"Yes",17,2,0,"L",8,"N",2,7,6,1,7,70
37,"Travel_Rarely","Research & Development",22,3,4,"Female",3,1,1,"L","Y",2,3,"N","Research and Design Specialists",2115,15881,1,"No",12,2,0,"L",17,"N",3,17,12,5,7,37
53,"Travel_Rarely","Finance",7,3,2,"Male",2,2,1,"L","Y",1,2,"Y","Accountant",8144,8958,8,"Yes",16,4,0,"L",10,"N",3,6,4,1,7,62
33,"Travel_Rarely","Sales",9,1,2,"Female",3,2,1,"L","N",3,2,"N","Research and Design Specialists",NA,9182,8,"No",18,1,0,"L",7,"N",1,2,4,3,7,73
31,"Travel_Frequently","Research & Development",25,1,3,"Female",3,2,2,"H","Y",2,3,"Y","Manufacturing Director",4148,11275,6,"No",12,3,1,"L",4,"Y",3,4,3,0,3,66
24,"Travel_Rarely","Production",8,3,4,"Male",3,1,1,"L","N",3,1,"N","Machinists ",3597,6409,7,"No",22,4,0,"L",6,"N",3,4,3,1,2,47
35,"Travel_Rarely","Human Resources",3,4,3,"Female",3,3,1,"L","N",2,3,"Y","Human Resources",8837,16642,8,"Yes",16,3,0,"H",9,"N",3,9,0,1,7,29
55,"Travel_Rarely","Research & Development",19,4,4,"Male",3,2,4,"H","N",3,3,"Y","Customercare Representative",4035,16143,4,"Yes",16,2,0,"H",4,"Y",3,3,2,1,2,80
40,"Travel_Rarely","Research & Development",25,3,3,"Male",3,2,4,"L","Y",3,3,"Y","Research and Design Specialists",4661,22455,3,"No",13,3,0,"L",9,"Y",3,9,8,8,8,67
28,"Travel_Rarely","Research & Development",24,2,4,"Female",3,1,2,"H","N",3,3,"Y","Research and Design Specialists",3310,4488,1,"No",21,4,0,"H",5,"Y",3,5,3,0,2,68
49,"Travel_Rarely","Research & Development",18,3,2,"Male",2,3,2,"H","N",2,2,"Y","Customercare Representative",10965,12066,8,"No",24,3,0,"H",26,"Y",3,5,2,0,0,68
26,"Travel_Rarely","IT_Suppport",9,3,2,"Male",4,3,2,"H","Y",3,2,"Y","IT specialists",5171,5688,3,"No",15,1,1,"H",5,"Y",1,8,7,1,6,68
53,"Travel_Rarely","Finance",4,4,1,"Female",2,3,2,"L","Y",3,2,"Y","Accountant",8670,9537,3,"Yes",19,3,1,"L",6,"Y",2,3,3,3,5,78
35,"Travel_Rarely","Sales",25,3,2,"Male",3,2,2,"H","N",2,2,"N","Sales Executive",4717,18659,9,"No",11,3,0,"H",15,"Y",3,11,9,6,9,70
32,"Travel_Rarely","Sales",22,2,1,"Male",1,2,1,"L","Y",2,1,"N","Sales Executive",6735,12147,8,"No",15,2,0,"L",10,"N",3,0,0,0,0,29
31,"Non-Travel","Research & Development",3,3,2,"Male",3,2,2,"L","Y",1,3,"Y","Manufacturing Director",9936,3787,8,"No",19,2,0,"L",10,"Y",3,9,4,1,7,70
35,"Travel_Rarely","IT_Suppport",21,3,1,"Male",4,5,1,"H","Y",1,2,"Y","IT specialists",6916,7608,7,"No",15,1,1,"H",6,"Y",1,5,4,1,2,80
46,"Travel_Rarely","Sales",13,3,3,"Female",1,4,1,"H","Y",2,2,"Y","Manager",16872,14977,3,"Yes",12,2,1,"L",28,"Y",2,7,7,7,7,56
27,"Travel_Rarely","Sales",7,3,4,"Female",2,2,2,"L","N",2,3,"N","Sales Executive",5769,7100,8,"Yes",11,4,0,"H",6,"Y",3,6,2,4,4,50
35,"Travel_Rarely","Research & Development",11,3,2,"Female",4,3,1,"H","N",2,2,"Y","Manager",11996,19100,7,"No",18,2,1,"L",10,"Y",2,7,7,6,2,56
42,"Travel_Rarely","Research & Development",1,2,4,"Male",3,4,4,"H","Y",2,3,"Y","Manager",17665,14399,4,"No",17,4,1,"L",23,"Y",3,22,6,13,7,69
48,"Travel_Rarely","Research & Development",3,3,1,"Male",2,2,2,"H","Y",2,3,"Y","Customercare Representative",4240,13119,5,"No",13,4,0,"L",19,"Y",3,2,2,2,2,53
56,"Travel_Rarely","Research & Development",24,3,3,"Female",3,1,4,"H","N",2,3,"N","Research and Design Specialists",4257,13939,4,"Yes",18,3,1,"H",19,"Y",3,2,2,2,2,65
30,"Travel_Rarely","Research & Development",7,3,4,"Female",3,1,2,"L","Y",2,3,"N","Research and Design Specialists",3204,10415,5,"No",14,4,1,"L",8,"N",3,3,2,2,2,46
29,"Travel_Rarely","Research & Development",3,4,4,"Female",2,1,2,"L","N",2,2,"N","Research and Design Specialists",3785,8489,9,"No",14,2,0,"L",5,"N",1,5,4,0,4,44
24,"Travel_Rarely","Sales",22,2,1,"Female",3,2,1,"H","N",3,1,"Y","Sales Executive",4577,24785,7,"No",14,1,0,"L",4,"Y",3,2,2,2,0,55
36,"Travel_Rarely","Sales",17,4,3,"Male",3,1,2,"H","Y",1,3,"Y","Sales Representative",2644,17001,6,"Yes",21,4,0,"H",7,"Y",2,3,2,1,2,72
38,"Travel_Rarely","Sales",10,4,1,"Female",2,2,1,"H","N",2,3,"Y","Sales Executive",8686,12930,4,"No",22,3,0,"L",12,"Y",4,8,3,0,7,55
27,"Travel_Rarely","Research & Development",19,4,1,"Male",2,1,2,"H","N",3,1,"Y","Research and Design Specialists",2045,15174,6,"No",13,4,0,"L",5,"Y",3,4,2,1,1,60
31,"Travel_Frequently","Production",11,3,2,"Male",3,1,2,"L","N",2,1,"Y","Machinists ",3722,21081,9,"Yes",13,3,1,"H",7,"Y",1,2,2,2,2,59
50,"Travel_Rarely","Research & Development",12,2,4,"Male",3,4,2,"L","N",2,1,"Y","Research Director",17399,6615,1,"No",22,3,1,"L",32,"N",2,5,4,1,3,49
26,"Travel_Rarely","Production",22,2,1,"Male",2,1,2,"L","Y",3,2,"Y","Machinists ",3955,11141,2,"No",16,1,2,"L",6,"Y",3,5,3,1,3,61
32,"Travel_Rarely","Sales",24,3,4,"Male",3,2,2,"H","N",2,3,"Y","Sales Executive",5396,21703,8,"No",12,4,0,"L",10,"Y",2,10,7,0,8,62
41,"Non-Travel","Research & Development",15,4,1,"Female",2,2,2,"H","N",2,2,"Y","Customercare Representative",6811,2112,2,"Yes",17,1,0,"H",10,"Y",3,8,7,0,7,66
36,"Travel_Rarely","Research & Development",12,2,2,"Male",3,2,2,"H","N",2,3,"Y","Manufacturing Director",4941,2819,6,"No",20,4,2,"H",7,"Y",3,3,2,0,1,70
46,"Travel_Rarely","Sales",3,2,2,"Female",3,3,4,"H","N",2,2,"Y","Sales Executive",10453,2137,1,"No",25,3,3,"H",24,"Y",3,24,13,15,7,82
28,"Travel_Rarely","Research & Development",14,3,3,"Female",3,1,2,"H","Y",1,2,"Y","Research and Design Specialists",2377,9834,2,"No",18,2,1,"L",6,"Y",3,2,2,2,2,54
35,"Travel_Rarely","Research & Development",13,4,4,"Male",3,2,1,"L","N",1,3,"Y","Manufacturing Director",6883,5151,7,"No",16,2,1,"L",17,"N",3,7,7,0,7,26
29,"Travel_Rarely","Research & Development",16,4,1,"Male",2,1,1,"H","Y",3,1,"N","Research and Design Specialists",2362,7568,4,"No",13,3,0,"L",11,"N",1,9,7,0,7,35
53,"Travel_Rarely","Finance",13,4,1,"Male",3,2,2,"L","Y",3,2,"Y","Accountant",8882,9770,8,"Yes",15,2,1,"L",9,"N",1,9,5,1,5,59
55,"Travel_Rarely","Sales",25,5,1,"Female",3,4,2,"H","N",3,2,"Y","Manager",16835,9873,3,"No",23,4,0,"L",37,"Y",3,10,9,7,7,57
55,"Travel_Rarely","Production",15,3,2,"Male",4,3,1,"L","N",1,2,"Y","Production Supervisors",6812,7493,2,"Yes",18,4,0,"H",7,"Y",2,3,4,1,2,34
28,"Travel_Frequently","Finance",21,4,1,"Male",3,3,2,"L","N",1,2,"Y","Accountant",9028,9931,3,"No",17,1,1,"L",7,"N",1,2,6,3,7,27
50,"Travel_Frequently","Research & Development",21,3,4,"Female",3,4,4,"H","N",2,3,"Y","Manager",17856,9490,6,"No",22,3,1,"L",32,"Y",3,2,2,2,2,67
34,"Travel_Rarely","Finance",22,4,2,"Female",2,2,2,"L","N",2,2,"Y","Accountant",9513,10464,8,"Yes",18,1,0,"H",9,"N",2,2,7,3,6,47
25,"Travel_Frequently","Finance",2,4,1,"Male",2,3,3,"H","Y",3,1,"Y","Accountant",8160,8976,2,"No",19,2,0,"L",7,"Y",3,4,4,1,6,72
30,"Travel_Rarely","Sales",17,3,2,"Male",3,1,2,"L","N",2,2,"N","Sales Manager",1081,16019,4,"No",13,3,0,"H",1,"N",2,1,0,0,0,44
39,"Travel_Rarely","Production",2,2,3,"Male",2,2,2,"L","Y",2,1,"N","Machinists ",3069,10302,7,"No",15,4,1,"L",11,"Y",3,10,8,0,7,50
31,"Non-Travel","Research & Development",24,3,3,"Female",3,3,2,"L","N",1,3,"Y","Research Director",11031,26862,5,"No",20,3,1,"L",13,"N",4,11,7,4,8,46
38,"Travel_Frequently","Production",11,4,1,"Male",4,1,2,"L","N",2,1,"N","Production Supervisors",5643,6207,7,"No",19,2,1,"H",10,"N",2,6,4,3,3,38
43,"Travel_Rarely","Sales",14,3,1,"Female",1,2,2,"L","Y",2,3,"N","Sales Executive",5346,9489,4,"No",13,2,0,"L",7,"N",2,4,3,1,3,17
52,"Travel_Rarely","Production",4,3,3,"Female",2,1,2,"H","N",3,3,"Y","Machinists ",3212,3300,7,"No",15,2,0,"H",6,"Y",2,2,2,2,2,61
36,"Non-Travel","Research & Development",12,3,1,"Female",4,3,2,"H","N",2,3,"Y","Research Director",11713,20335,2,"No",14,1,1,"L",10,"Y",3,8,7,0,5,54
54,"Travel_Rarely","Finance",12,4,2,"Female",2,2,2,"L","Y",2,3,"Y","Accountant",9691,10660,5,"Yes",16,4,1,"L",9,"Y",3,6,7,1,2,57
27,"Travel_Frequently","Research & Development",5,2,4,"Male",3,3,2,"H","N",3,3,"Y","Manufacturing Director",8793,4809,6,"No",21,3,2,"L",9,"Y",2,9,7,1,7,62
53,"Travel_Rarely","Research & Development",6,2,4,"Female",3,5,1,"H","Y",1,3,"Y","Manager",18606,18640,8,"No",18,2,1,"L",26,"N",3,7,7,4,7,23
28,"Travel_Frequently","Production",16,3,4,"Male",2,1,2,"L","Y",3,1,"Y","Machinists ",3867,14222,4,"Yes",12,2,1,"L",2,"Y",3,2,2,2,2,72
26,"Travel_Rarely","Research & Development",21,1,1,"Male",2,1,2,"H","Y",2,3,"Y","Research and Design Specialists",3904,4050,5,"No",12,4,0,"H",5,"Y",3,4,3,1,1,62
21,"Travel_Frequently","Production",6,2,1,"Female",2,1,2,"H","N",2,3,"N","Machinists ",2625,25308,2,"No",20,3,0,"H",2,"N",1,2,2,2,2,24
32,"Travel_Rarely","Sales",5,3,4,"Male",1,3,2,"L","N",2,3,"Y","Sales Executive",9610,3840,3,"No",13,3,1,"L",10,"Y",1,4,3,0,2,53
47,"Travel_Rarely","Finance",15,3,1,"Female",3,2,1,"L","Y",1,3,"Y","Accountant",8029,8832,5,"Yes",15,1,0,"H",6,"Y",3,4,2,3,2,64
26,"Travel_Rarely","Production",12,3,1,"Male",1,1,1,"L","N",2,3,"N","Machinists ",2293,10558,1,"No",12,3,0,"L",1,"N",2,1,0,0,1,48
28,"Travel_Rarely","Research & Development",22,3,3,"Male",3,1,2,"L","Y",1,2,"Y","Research and Design Specialists",2044,5531,5,"No",11,3,1,"H",5,"Y",4,5,3,0,3,61
54,"Travel_Rarely","Finance",19,3,2,"Male",2,2,1,"L","Y",2,3,"N","Accountant",9225,10148,5,"No",17,2,0,"L",10,"Y",3,2,3,1,3,79
55,"Travel_Rarely","Sales",20,1,3,"Male",3,2,1,"L","N",3,2,"N","Sales Executive",5160,21519,5,"No",16,3,0,"L",12,"N",2,9,7,7,3,38
56,"Non-Travel","Research & Development",25,4,3,"Male",3,2,2,"L","Y",1,1,"Y","Customercare Representative",6306,26236,9,"No",21,1,1,"L",13,"Y",2,13,12,1,9,57
36,"Travel_Rarely","Research & Development",25,2,4,"Male",4,2,2,"L","N",3,3,"Y","Customercare Representative",6842,26308,7,"No",20,1,1,"L",13,"Y",3,5,4,0,4,68
37,"Travel_Rarely","Research & Development",3,4,1,"Male",2,2,2,"H","N",2,2,"Y","Manufacturing Director",5993,2689,1,"No",18,3,1,"H",7,"Y",4,7,5,0,7,66
32,"Travel_Rarely","Finance",14,3,2,"Male",2,3,1,"L","N",2,3,"Y","Accountant",9133,10046,6,"Yes",15,3,0,"H",8,"N",2,7,2,3,7,37
50,"Travel_Rarely","Research & Development",4,3,4,"Male",2,3,2,"H","N",2,2,"Y","Customercare Representative",10496,2755,6,"No",15,4,0,"H",20,"Y",3,4,3,1,3,68
45,"Travel_Rarely","Research & Development",13,4,1,"Male",3,3,3,"H","N",2,3,"Y","Customercare Representative",7441,20933,4,"No",12,1,3,"H",10,"Y",3,10,8,7,7,81
33,"Travel_Frequently","Research & Development",25,4,4,"Female",3,1,2,"H","Y",3,3,"Y","Research and Design Specialists",2909,23159,1,"Yes",11,3,0,"L",8,"Y",3,8,7,3,0,52
25,"Travel_Rarely","Sales",10,1,2,"Male",3,1,2,"L","N",1,1,"N","Sales Representative",2096,26376,5,"No",11,3,0,"L",7,"N",3,7,4,0,6,36
28,"Travel_Frequently","Sales",15,2,3,"Male",2,2,2,"L","Y",2,3,"Y","Sales Executive",6834,19255,9,"Yes",12,3,1,"L",7,"Y",3,7,7,0,7,57
24,"Travel_Rarely","Research & Development",10,3,2,"Male",3,1,2,"L","N",2,2,"N","Research and Design Specialists",2293,3020,2,"Yes",16,1,1,"L",6,"N",2,2,0,2,0,40
39,"Travel_Frequently","Research & Development",18,1,2,"Male",3,5,2,"H","N",2,2,"Y","Manager",19197,8213,1,"Yes",14,3,1,"H",21,"Y",3,21,8,1,6,66
24,"Non-Travel","Sales",19,2,4,"Female",3,1,1,"L","N",3,3,"Y","Sales Representative",2033,7103,9,"No",13,3,1,"H",1,"Y",3,1,0,0,0,56
51,"Travel_Rarely","Research & Development",15,4,1,"Male",3,1,1,"H","N",3,1,"N","Research and Design Specialists",2461,10332,7,"Yes",12,3,3,"L",18,"N",4,10,0,2,7,37
51,"Travel_Rarely","Finance",4,3,2,"Male",3,1,1,"H","Y",3,3,"Y","IT specialists",8160,8976,3,"No",19,4,0,"L",9,"Y",3,5,6,1,2,76
40,"Travel_Rarely","Research & Development",18,4,3,"Female",3,1,2,"L","N",2,2,"N","Research and Design Specialists",2001,12549,6,"No",14,2,3,"L",20,"N",3,5,3,0,2,46
50,"Travel_Rarely","Sales",20,4,4,"Female",3,5,2,"L","N",2,2,"Y","Manager",19517,24118,3,"No",11,3,1,"L",32,"N",2,7,0,0,6,45
29,"Travel_Rarely","Production",3,4,2,"Male",1,1,1,"L","N",2,1,"N","Machinists ",2119,4759,1,"Yes",11,4,0,"L",7,"N",2,7,7,0,7,39
31,"Travel_Frequently","Sales",17,4,4,"Male",3,2,2,"L","Y",2,1,"Y","Sales Executive",5332,21602,1,"No",13,4,0,"L",10,"Y",3,5,2,0,3,73
35,"Travel_Rarely","Production",2,3,1,"Female",3,1,1,"H","N",2,2,"N","Machinists ",2074,26619,4,"Yes",12,4,1,"L",1,"N",3,1,0,0,0,28
28,"Travel_Rarely","Finance",11,4,2,"Male",2,3,1,"L","Y",1,3,"N","Accountant",8292,9121,2,"No",19,1,0,"L",10,"Y",1,4,4,1,7,83
47,"Travel_Frequently","Production",3,4,2,"Male",2,1,2,"H","Y",1,3,"Y","Production Supervisors",6301,7561,7,"No",16,3,0,"H",8,"Y",1,6,4,1,6,71
28,"Travel_Rarely","Research & Development",3,2,2,"Male",4,2,1,"L","Y",2,1,"N","Customercare Representative",5661,4824,0,"No",19,3,0,"L",9,"N",3,8,3,0,7,38
46,"Travel_Rarely","Sales",15,3,3,"Female",3,3,1,"L","N",2,2,"Y","Sales Executive",7314,14011,6,"No",21,3,3,"L",14,"N",3,8,7,0,7,28
40,"Travel_Rarely","Research & Development",16,4,3,"Male",2,1,2,"L","Y",2,3,"Y","Research and Design Specialists",2809,2725,6,"No",14,4,0,"L",8,"Y",3,2,2,2,2,59
44,"Travel_Rarely","Human Resources",16,3,3,"Female",3,1,2,"L","Y",2,3,"Y","Human Resources",3195,4167,6,"Yes",18,1,3,"L",8,"Y",3,2,2,2,2,57
46,"Travel_Frequently","Finance",13,4,1,"Female",3,3,2,"H","N",2,2,"Y","Accountant",8887,9776,9,"No",17,2,0,"L",6,"N",3,2,2,3,3,25
30,"Travel_Frequently","Sales",19,4,3,"Female",2,2,1,"L","Y",2,3,"N","Sales Executive",6696,22967,5,"No",15,3,0,"L",9,"N",2,6,3,0,1,26
30,"Travel_Rarely","Production",15,3,1,"Female",2,2,2,"L","Y",2,3,"Y","Machinists ",4627,23631,8,"No",12,1,1,"L",10,"Y",3,9,2,6,7,54
36,"Travel_Frequently","Production",24,2,4,"Male",3,1,1,"H","N",3,3,"Y","Machinists ",2088,15062,4,"No",12,3,0,"L",13,"Y",2,8,7,7,2,58
31,"Travel_Rarely","Sales",8,3,1,"Male",3,2,2,"L","N",1,3,"Y","Sales Executive",8346,20943,9,"No",19,3,1,"L",6,"N",3,5,2,0,2,41
19,"Travel_Rarely","Production",20,3,2,"Male",2,1,2,"L","Y",2,3,"N","Machinists ",1102,9241,1,"No",22,3,0,"L",1,"N",2,1,0,1,0,49
34,"Travel_Rarely","Production",6,2,2,"Male",3,1,1,"L","Y",2,2,"N","Machinists ",2661,8758,0,"No",11,3,1,"L",3,"N",3,2,2,1,2,39
58,"Travel_Rarely","Research & Development",7,4,4,"Male",3,5,1,"L","N",3,3,"Y","Research Director",19246,25761,4,"Yes",12,4,0,"L",40,"N",3,31,15,13,8,40
28,"Travel_Rarely","Research & Development",14,3,4,"Female",3,3,2,"L","Y",2,3,"Y","Manufacturing Director",7655,8039,7,"No",17,2,3,"L",10,"Y",2,9,7,1,7,62
51,"Travel_Frequently","Sales",9,3,2,"Male",3,3,1,"H","N",2,2,"Y","Sales Executive",10596,15395,5,"No",11,2,0,"L",14,"N",3,4,2,3,2,39
30,"Travel_Rarely","Research & Development",5,3,3,"Female",1,2,3,"H","N",3,3,"N","Manufacturing Director",6091,24793,2,"No",20,3,0,"H",11,"Y",3,5,4,0,2,76
32,"Non-Travel","Production",15,4,4,"Female",3,1,2,"L","N",2,3,"N","Machinists ",4025,11135,5,"No",12,2,0,"L",10,"N",3,8,7,7,7,24
37,"Travel_Rarely","Research & Development",6,2,4,"Male",3,2,1,"H","N",1,3,"Y","Manufacturing Director",6347,23177,7,"No",16,3,2,"L",8,"Y",2,6,2,0,4,55
27,"Travel_Frequently","Human Resources",9,3,1,"Female",2,1,1,"L","N",3,2,"N","Human Resources",2863,19555,3,"No",12,1,0,"H",1,"N",3,1,0,0,0,23
36,"Travel_Rarely","Production",18,4,1,"Male",2,2,2,"L","Y",3,1,"Y","Machinists ",5810,22604,6,"No",16,3,0,"H",10,"Y",2,10,4,1,8,54
31,"Travel_Rarely","Sales",15,4,2,"Male",2,1,2,"L","Y",1,3,"Y","Sales Representative",2329,11737,4,"No",15,2,0,"L",13,"Y",4,7,7,5,2,60
38,"Travel_Rarely","Finance",19,3,2,"Female",3,3,2,"L","Y",2,2,"Y","Accountant",8285,9114,5,"No",17,2,1,"H",8,"N",1,3,3,3,6,62
38,"Travel_Frequently","Research & Development",17,4,3,"Male",3,1,1,"H","Y",1,1,"Y","Research and Design Specialists",2821,2997,5,"No",16,1,1,"L",8,"Y",3,2,2,2,2,51
32,"Travel_Rarely","Research & Development",15,2,3,"Female",3,3,1,"H","N",1,2,"Y","Research Director",11159,19373,1,"No",15,4,0,"L",10,"Y",3,7,7,7,7,51
43,"Travel_Rarely","Research & Development",21,4,2,"Male",2,4,2,"H","N",1,3,"Y","Research Director",16627,2671,5,"Yes",14,3,1,"L",21,"Y",2,1,0,0,0,60
44,"Travel_Rarely","Finance",18,3,2,"Male",3,3,1,"L","Y",2,3,"Y","Accountant",9670,10637,2,"Yes",16,4,1,"L",6,"N",1,7,7,3,3,56
29,"Travel_Frequently","Sales",17,3,3,"Male",4,1,2,"L","N",1,1,"N","Sales Representative",1091,10642,6,"No",17,4,0,"H",1,"N",3,1,0,0,0,36
44,"Travel_Rarely","Production",14,4,1,"Male",4,1,2,"H","Y",1,3,"Y","Machinists ",2818,5044,2,"Yes",24,3,1,"L",10,"Y",2,3,2,0,2,61
47,"Travel_Rarely","Finance",19,4,1,"Male",3,3,1,"L","N",2,2,"Y","Accountant",9335,10269,6,"No",17,2,1,"H",10,"N",1,7,2,3,6,35
37,"Travel_Rarely","Research & Development",2,4,2,"Female",3,2,4,"H","N",2,3,"Y","Manufacturing Director",6447,15701,2,"No",12,2,1,"H",8,"Y",2,6,5,4,3,64
45,"Travel_Rarely","Research & Development",4,2,1,"Male",3,1,2,"L","N",2,1,"N","Research and Design Specialists",2654,9655,3,"No",21,4,2,"L",8,"N",2,2,2,0,2,48
44,"Travel_Frequently","Sales",19,5,1,"Female",3,2,1,"H","Y",2,2,"Y","Sales Executive",4768,9282,2,"No",12,3,1,"H",11,"Y",2,1,0,0,0,51
53,"Travel_Rarely","Research & Development",13,3,4,"Male",4,4,2,"L","Y",1,2,"Y","Research Director",16598,19764,3,"No",12,2,0,"H",35,"Y",2,9,8,8,8,62
40,"Travel_Rarely","Sales",13,4,3,"Female",3,5,2,"H","N",1,2,"Y","Manager",18041,13022,0,"No",14,4,0,"L",21,"Y",3,20,15,1,12,57
29,"Travel_Rarely","Sales",12,2,4,"Male",3,2,2,"L","N",2,3,"Y","Sales Executive",6931,10732,2,"No",14,4,1,"L",10,"N",3,3,2,0,2,48
49,"Travel_Rarely","Sales",14,4,4,"Male",2,4,2,"L","Y",2,2,"Y","Sales Executive",13120,11879,3,"No",17,2,1,"H",22,"Y",3,9,8,2,3,72
31,"Travel_Rarely","Finance",25,3,2,"Female",3,2,1,"L","Y",2,3,"Y","Accountant",8333,9166,1,"Yes",19,1,0,"H",9,"N",1,2,5,1,7,51
35,"Travel_Rarely","Production",3,3,4,"Male",1,1,1,"H","N",3,1,"Y","Machinists ",4230,19225,0,"No",15,3,0,"L",6,"Y",3,5,4,4,3,55
32,"Travel_Rarely","Production",18,3,2,"Male",4,2,1,"L","N",3,3,"Y","Production Supervisors",6213,6834,6,"Yes",15,4,0,"H",10,"N",2,9,3,2,6,35
39,"Travel_Rarely","Research & Development",7,1,3,"Male",3,4,2,"L","Y",2,2,"Y","Manager",17068,5355,1,"Yes",14,4,0,"L",21,"N",3,21,9,11,10,48
50,"Travel_Frequently","Sales",2,2,2,"Male",3,2,2,"L","N",2,1,"Y","Sales Executive",6796,23452,7,"Yes",14,1,1,"L",18,"N",3,4,3,1,3,42
42,"Travel_Frequently","Production",18,2,2,"Male",3,1,4,"H","N",3,3,"Y","Machinists ",2093,9260,4,"No",17,4,1,"H",8,"Y",3,2,2,2,0,69
36,"Travel_Rarely","Research & Development",1,3,3,"Female",3,3,2,"L","N",2,2,"Y","Customercare Representative",10096,8202,1,"No",13,2,3,"L",17,"Y",3,17,14,12,8,45
33,"Non-Travel","Sales",10,1,2,"Female",2,1,2,"H","Y",2,1,"Y","Sales Representative",2342,21437,3,"No",19,4,0,"L",3,"Y",2,2,2,2,2,61
51,"Travel_Rarely","Finance",3,4,2,"Male",3,2,2,"L","N",1,3,"Y","Accountant",9404,10344,2,"Yes",15,2,0,"L",9,"N",2,10,7,2,6,41
39,"Travel_Rarely","Research & Development",25,1,3,"Male",3,3,1,"L","N",2,3,"Y","Research Director",13464,7914,6,"No",21,3,0,"H",9,"Y",3,4,3,2,2,55
31,"Travel_Frequently","Sales",11,4,2,"Female",1,1,2,"L","Y",1,1,"N","Sales Representative",1359,16154,4,"No",12,2,0,"L",1,"N",3,1,0,0,0,36
49,"Travel_Rarely","Research & Development",5,4,3,"Male",3,3,2,"L","Y",3,3,"Y","Customercare Representative",10466,20948,6,"No",14,2,2,"H",29,"Y",3,8,7,0,7,54
45,"Travel_Rarely","Sales",8,3,4,"Female",3,2,1,"L","N",3,2,"N","Sales Executive",4850,23333,1,"No",15,3,0,"H",8,"N",3,5,3,0,1,20
38,"Travel_Rarely","Finance",11,3,2,"Male",3,3,2,"L","N",2,1,"Y","Accountant",8891,9780,4,"Yes",16,2,0,"H",7,"N",3,6,5,2,3,35
37,"Non-Travel","Production",23,2,3,"Male",4,1,2,"H","Y",2,1,"Y","Machinists ",3500,25470,4,"No",14,1,0,"H",7,"Y",1,6,5,1,3,70
31,"Travel_Rarely","Finance",17,3,2,"Male",3,2,2,"L","N",3,1,"Y","Accountant",9339,10273,9,"No",17,4,1,"H",9,"Y",3,2,2,1,7,39
42,"Travel_Frequently","Research & Development",20,1,2,"Male",3,1,2,"H","N",3,2,"N","Research and Design Specialists",2515,9068,4,"Yes",14,4,0,"L",8,"N",3,2,1,2,2,46
30,"Travel_Rarely","IT_Suppport",4,2,3,"Male",4,2,2,"L","Y",1,1,"Y","Research and Design Specialists",NA,7696,8,"Yes",20,1,1,"H",6,"Y",3,2,2,2,3,76
50,"Travel_Frequently","Research & Development",25,5,3,"Male",1,4,2,"L","N",1,2,"Y","Research Director",14411,24450,1,"Yes",13,4,0,"H",32,"Y",3,32,6,13,9,54
44,"Non-Travel","Production",19,3,2,"Male",3,2,1,"H","N",3,3,"Y","Machinists ",2042,25043,4,"No",12,3,1,"H",17,"N",4,3,2,1,2,64
43,"Travel_Rarely","Finance",5,3,1,"Male",3,3,1,"L","N",1,2,"Y","Accountant",8917,9809,6,"No",19,3,0,"L",7,"N",1,2,6,1,2,50
30,"Travel_Rarely","Research & Development",15,3,1,"Female",3,3,2,"L","N",2,1,"Y","Manufacturing Director",9667,2739,4,"No",14,2,0,"H",9,"Y",3,7,7,0,2,66
28,"Travel_Frequently","Sales",17,3,1,"Male",3,1,1,"L","N",3,3,"N","Sales Representative",2909,15747,1,"No",15,4,1,"L",5,"N",4,3,2,1,2,27
44,"Travel_Rarely","Research & Development",10,4,4,"Male",3,2,3,"H","Y",2,3,"Y","Customercare Representative",6465,19121,2,"Yes",13,4,0,"H",9,"Y",4,4,2,1,3,84
47,"Travel_Frequently","Finance",3,3,2,"Female",2,2,2,"L","Y",2,3,"Y","Accountant",8296,9126,7,"No",19,2,1,"L",7,"N",2,3,6,1,2,72
46,"Travel_Rarely","Sales",18,3,3,"Male",3,3,2,"L","Y",2,3,"Y","Sales Executive",10368,5596,9,"Yes",12,2,1,"L",13,"Y",2,10,6,0,3,61
30,"Travel_Rarely","Research & Development",16,3,1,"Female",3,1,2,"H","N",3,2,"Y","Research and Design Specialists",2632,23910,1,"No",14,3,0,"H",5,"Y",2,5,4,0,4,72
39,"Travel_Rarely","Research & Development",21,4,4,"Female",2,2,2,"H","N",3,1,"N","Customercare Representative",4553,20978,7,"No",11,1,0,"L",20,"Y",3,20,7,11,10,68
39,"Travel_Rarely","Research & Development",20,3,2,"Female",3,3,1,"L","N",1,3,"Y","Manufacturing Director",8376,9150,8,"No",18,4,0,"H",9,"Y",3,2,0,2,2,51
36,"Travel_Frequently","Sales",1,4,1,"Male",2,3,4,"H","Y",1,2,"Y","Sales Executive",9699,7246,4,"No",11,1,1,"H",16,"Y",3,13,9,1,12,69
50,"Travel_Rarely","Finance",19,3,1,"Male",3,2,1,"L","Y",3,3,"Y","Accountant",9101,10011,5,"Yes",20,4,1,"L",7,"Y",2,5,5,2,6,77
35,"Travel_Rarely","Human Resources",19,4,3,"Male",3,1,4,"H","N",3,3,"Y","Human Resources",4323,7108,1,"No",17,2,0,"H",6,"Y",1,5,4,1,4,74
40,"Travel_Frequently","Production",8,3,1,"Male",2,4,4,"L","N",2,3,"Y","Production Supervisors",6572,7229,8,"Yes",17,4,1,"H",7,"Y",3,6,3,3,5,33
51,"Travel_Frequently","Research & Development",3,4,1,"Female",2,3,4,"L","Y",2,2,"Y","Customercare Representative",7484,25796,3,"No",20,3,0,"L",23,"Y",2,13,12,12,8,43
43,"Travel_Rarely","Research & Development",11,2,4,"Female",4,1,2,"L","Y",2,3,"Y","Research and Design Specialists",2645,21923,1,"No",12,4,2,"L",6,"Y",2,5,3,1,4,50
24,"Travel_Frequently","Sales",16,3,4,"Male",3,1,2,"L","N",2,1,"N","Sales Representative",2400,5530,3,"No",13,3,2,"L",3,"N",3,2,2,2,1,44
33,"Travel_Rarely","Research & Development",1,4,2,"Female",2,3,1,"H","N",2,3,"Y","IT specialists",6383,7021,1,"No",19,1,1,"L",9,"N",2,6,5,1,7,45
38,"Travel_Rarely","Sales",15,3,1,"Male",3,3,2,"H","N",2,2,"Y","Sales Executive",10609,9647,0,"No",12,3,2,"L",17,"Y",2,16,10,5,13,57
43,"Travel_Frequently","Research & Development",7,3,4,"Female",3,2,4,"L","Y",2,3,"Y","Customercare Representative",5562,21782,7,"No",13,2,1,"L",12,"Y",2,5,2,2,2,67
37,"Non-Travel","Research & Development",12,2,3,"Male",2,2,4,"L","N",2,3,"N","Customercare Representative",5163,15850,5,"No",14,4,1,"L",17,"Y",4,1,0,0,0,42
35,"Travel_Rarely","Research & Development",14,1,4,"Female",3,2,2,"L","Y",1,3,"Y","Customercare Representative",4014,19170,6,"Yes",25,4,1,"L",10,"Y",1,10,6,0,7,53
53,"Travel_Rarely","Sales",15,2,2,"Male",3,2,1,"H","N",3,3,"Y","Sales Representative",2306,16047,2,"Yes",20,4,1,"L",13,"Y",1,7,7,4,5,56
24,"Travel_Rarely","Production",16,2,3,"Male",2,1,2,"L","N",2,2,"N","Machinists ",2296,10036,3,"No",14,2,3,"H",2,"N",3,1,1,0,0,44
40,"Travel_Rarely","Research & Development",24,3,3,"Female",3,2,2,"L","N",3,2,"Y","Customercare Representative",6513,9060,2,"No",17,4,1,"H",12,"Y",3,5,3,0,3,60
32,"Travel_Rarely","Sales",7,4,2,"Male",3,2,3,"H","Y",2,3,"Y","Sales Executive",4403,9250,3,"No",11,3,1,"H",8,"Y",2,5,2,0,3,81
33,"Travel_Rarely","Production",10,1,1,"Male",1,1,2,"L","N",3,2,"N","Machinists ",3408,6705,7,"No",13,1,3,"L",8,"N",3,4,3,1,3,30
35,"Travel_Rarely","Production",25,4,3,"Male",2,1,1,"L","N",2,1,"N","Machinists ",3743,10074,2,"Yes",24,4,1,"L",5,"N",1,4,2,0,2,34
42,"Travel_Frequently","Research & Development",22,3,4,"Male",3,3,2,"L","Y",2,3,"Y","Customercare Representative",10124,18611,7,"Yes",14,3,1,"H",24,"Y",1,20,8,13,9,50
51,"Travel_Rarely","Research & Development",22,3,1,"Female",3,3,1,"L","N",3,3,"Y","Manager",13116,22984,1,"No",11,4,0,"H",15,"Y",3,2,2,2,2,58
25,"Travel_Frequently","Finance",10,3,4,"Female",2,2,1,"L","N",3,1,"N","Research and Design Specialists",5959,7151,8,"No",19,2,1,"L",9,"N",1,9,6,2,5,65
30,"Travel_Rarely","Finance",23,4,2,"Male",3,3,4,"H","N",1,3,"Y","Accountant",8400,9240,9,"No",15,3,1,"L",9,"N",1,9,2,3,5,36
49,"Travel_Rarely","Research & Development",14,4,3,"Female",3,2,2,"L","N",2,2,"Y","Manufacturing Director",6567,5549,1,"No",14,3,0,"L",16,"N",2,15,11,5,11,43
41,"Travel_Rarely","Research & Development",5,2,4,"Female",3,2,2,"L","Y",2,1,"Y","Manufacturing Director",5003,23371,9,"No",14,2,0,"L",8,"Y",3,2,2,2,1,57
34,"Travel_Rarely","Research & Development",4,4,1,"Male",3,1,1,"L","N",2,2,"N","Research and Design Specialists",2972,22061,4,"No",13,3,0,"H",1,"N",1,1,0,0,0,47
52,"Travel_Rarely","Research & Development",10,3,2,"Male",2,2,3,"H","Y",2,1,"Y","IT specialists",5004,5504,6,"No",16,3,0,"L",10,"Y",2,3,2,2,2,52
34,"Travel_Rarely","Research & Development",24,1,2,"Male",3,1,1,"L","Y",2,3,"N","Research and Design Specialists",2960,17102,2,"No",11,3,0,"L",8,"N",3,4,2,1,3,31
26,"Travel_Frequently","Research & Development",13,2,3,"Female",2,1,2,"L","N",2,3,"N","Research and Design Specialists",2366,20898,6,"Yes",14,1,1,"L",8,"N",3,8,7,1,7,46
38,"Travel_Rarely","Finance",11,4,1,"Male",2,3,1,"L","N",3,3,"Y","Accountant",8789,9668,7,"Yes",16,4,1,"L",6,"N",2,3,2,2,4,48
30,"Travel_Rarely","Sales",10,5,3,"Male",3,2,1,"L","N",2,1,"N","Sales Executive",5304,25275,6,"No",23,4,1,"L",10,"N",2,8,7,7,7,47
27,"Travel_Rarely","Finance",9,4,2,"Male",3,2,1,"L","Y",1,3,"Y","Accountant",8980,9878,9,"Yes",15,2,0,"L",10,"Y",3,10,4,1,6,62
27,"Travel_Rarely","Production",17,2,4,"Male",3,1,2,"H","N",3,3,"Y","Machinists ",3816,17881,1,"No",11,2,1,"H",5,"Y",3,5,2,0,4,91
30,"Travel_Frequently","Production",17,3,2,"Female",3,1,1,"L","N",2,2,"N","Machinists ",2422,25725,2,"No",17,1,0,"L",4,"N",3,3,2,1,2,31
45,"Non-Travel","Sales",9,4,3,"Female",3,2,1,"L","Y",2,3,"Y","Sales Executive",5154,19665,2,"No",22,2,2,"H",10,"Y",4,8,7,5,7,55
38,"Travel_Rarely","Research & Development",8,3,3,"Male",3,2,2,"L","N",1,3,"Y","Manufacturing Director",4855,7653,5,"No",11,1,2,"H",7,"Y",3,5,2,1,4,54
41,"Travel_Rarely","Research & Development",7,3,2,"Female",3,5,2,"H","Y",2,2,"Y","Research Director",19545,16280,1,"No",12,4,0,"H",23,"N",3,22,15,15,8,69
42,"Travel_Rarely","Human Resources",6,3,3,"Female",3,4,1,"H","N",2,3,"Y","Manager",16799,16616,9,"No",14,3,1,"H",21,"Y",3,20,7,0,9,58
27,"Non-Travel","Production",2,5,1,"Male",1,1,2,"L","Y",2,3,"Y","Machinists ",4621,5869,2,"No",19,4,3,"L",3,"Y",3,3,2,1,2,57
27,"Travel_Rarely","Production",19,4,4,"Female",3,1,2,"L","N",2,3,"N","Machinists ",2341,19715,1,"No",13,4,1,"L",1,"N",3,1,0,0,0,48
50,"Travel_Frequently","Sales",15,4,4,"Male",3,2,2,"L","N",2,1,"N","Sales Executive",4728,17251,7,"Yes",14,4,0,"L",5,"N",3,0,0,0,0,44
29,"Travel_Rarely","Sales",4,1,4,"Female",2,3,2,"H","N",2,3,"Y","Sales Executive",7336,11162,6,"No",13,1,1,"L",11,"N",1,11,8,3,10,24
49,"Travel_Rarely","Sales",10,3,3,"Female",3,3,2,"L","N",2,1,"Y","Sales Executive",7654,5860,9,"No",18,1,2,"L",9,"N",4,9,8,7,7,33
30,"Travel_Rarely","Finance",9,3,2,"Male",3,2,1,"L","N",2,2,"N","Accountant",9124,10036,4,"Yes",16,1,1,"L",10,"Y",1,7,7,3,7,49
35,"Travel_Rarely","Research & Development",19,3,2,"Male",2,1,2,"L","N",2,3,"N","Research and Design Specialists",2859,26278,1,"No",18,1,0,"L",6,"Y",3,6,4,0,4,37
33,"Travel_Frequently","Sales",6,1,2,"Male",3,2,4,"L","N",2,3,"Y","Sales Executive",9998,19293,9,"No",13,1,0,"H",8,"Y",4,5,4,1,2,80
33,"Travel_Rarely","Finance",1,3,2,"Male",2,2,2,"L","Y",3,1,"Y","Accountant",9800,10780,6,"No",18,1,0,"L",5,"Y",3,10,7,3,7,64
27,"Travel_Rarely","Research & Development",24,3,3,"Female",3,1,2,"H","N",3,3,"Y","Research and Design Specialists",2478,20938,1,"Yes",12,2,0,"L",4,"Y",2,4,3,1,2,52
42,"Travel_Rarely","Production",4,3,3,"Female",4,2,4,"L","Y",1,1,"Y","Machinists ",5231,23726,1,"Yes",13,2,1,"H",17,"Y",2,5,3,1,3,74
42,"Travel_Rarely","Research & Development",6,2,4,"Female",2,2,2,"H","Y",3,3,"Y","Manufacturing Director",6062,4051,3,"Yes",13,4,1,"L",8,"Y",3,4,3,0,2,59
47,"Travel_Rarely","Human Resources",4,4,4,"Female",3,5,1,"L","Y",2,1,"Y","Manager",19658,5220,3,"No",11,3,1,"L",27,"N",3,5,2,1,0,34
40,"Travel_Frequently","Sales",17,4,2,"Male",3,2,4,"H","N",1,3,"Y","Sales Executive",4327,25440,1,"No",12,4,3,"L",5,"Y",3,0,0,0,0,64
27,"Travel_Frequently","Sales",5,1,4,"Male",1,2,2,"L","N",2,1,"Y","Sales Executive",5071,20392,4,"No",20,2,0,"L",8,"Y",3,6,2,0,0,54
25,"Travel_Rarely","Finance",18,4,1,"Male",3,2,2,"L","Y",3,1,"Y","Accountant",8208,9029,5,"No",16,2,0,"L",7,"Y",3,8,4,1,7,83
31,"Travel_Rarely","Sales",2,2,3,"Female",3,2,1,"L","N",2,2,"Y","Sales Executive",6583,20115,1,"Yes",11,4,1,"L",8,"N",3,5,2,1,4,47
36,"Non-Travel","Sales",2,4,1,"Male",3,2,1,"L","Y",3,1,"Y","Sales Executive",5079,25952,5,"No",13,4,2,"L",12,"Y",3,7,7,0,7,51
42,"Non-Travel","Research & Development",16,2,4,"Male",2,2,2,"L","Y",2,3,"N","Research and Design Specialists",4332,14811,4,"No",12,4,0,"L",20,"Y",3,20,9,3,7,60
47,"Travel_Frequently","Sales",17,1,2,"Male",3,2,4,"H","N",2,3,"Y","Sales Representative",2976,25751,3,"No",19,1,0,"H",5,"Y",3,0,0,0,0,63
41,"Non-Travel","Sales",13,2,4,"Male",3,2,2,"H","N",2,2,"Y","Sales Executive",6230,13430,7,"No",14,4,0,"H",16,"Y",3,14,3,1,10,66
38,"Travel_Rarely","Sales",14,4,3,"Male",2,3,2,"L","Y",2,2,"Y","Sales Executive",8740,5569,7,"Yes",14,2,2,"H",9,"Y",3,8,7,2,7,73
34,"Travel_Rarely","Sales",16,4,3,"Female",3,1,2,"L","N",2,2,"N","Sales Representative",2220,18410,5,"Yes",19,4,1,"L",1,"N",3,1,1,0,0,42
34,"Travel_Rarely","Sales",2,2,3,"Female",3,2,1,"H","N",3,2,"Y","Sales Executive",6125,23553,6,"No",12,4,0,"L",10,"Y",4,10,8,9,6,55
49,"Travel_Rarely","Production",6,3,4,"Female",3,1,2,"L","N",2,3,"N","Machinists ",2587,24941,9,"Yes",16,2,1,"L",17,"N",2,2,2,2,2,46
24,"Travel_Frequently","Research & Development",22,1,1,"Female",3,1,2,"L","Y",2,2,"Y","Research and Design Specialists",3760,17218,5,"Yes",13,3,0,"L",6,"Y",3,6,3,1,3,70
29,"Non-Travel","Sales",6,3,4,"Male",3,2,3,"H","N",2,3,"Y","Sales Executive",4649,16928,1,"No",14,1,1,"H",4,"Y",2,4,3,0,2,81
30,"Non-Travel","Production",6,3,3,"Male",3,2,1,"H","Y",3,3,"Y","Machinists ",3072,11012,1,"No",11,3,2,"L",12,"Y",3,12,9,6,10,58
32,"Travel_Rarely","Finance",7,4,2,"Female",2,2,1,"L","N",2,3,"N","Accountant",8707,9578,7,"Yes",17,4,1,"H",5,"N",2,4,3,3,6,26
30,"Travel_Frequently","Research & Development",18,4,2,"Male",2,1,2,"H","Y",2,1,"Y","Research and Design Specialists",3761,2373,6,"No",12,2,1,"L",10,"Y",2,5,4,0,3,57
36,"Non-Travel","Sales",17,4,2,"Male",3,3,1,"H","N",2,2,"Y","Sales Executive",9980,15318,1,"No",14,4,0,"L",10,"Y",2,10,3,9,7,55
23,"Travel_Rarely","Sales",17,1,3,"Male",3,1,2,"H","Y",3,2,"Y","Sales Representative",2322,9518,3,"No",13,3,1,"L",3,"Y",3,0,0,0,0,55
35,"Travel_Rarely","IT_Suppport",11,3,1,"Female",3,3,3,"H","Y",1,3,"Y","IT specialists",10818,11900,9,"Yes",16,2,0,"H",8,"Y",1,2,6,2,6,78
33,"Travel_Rarely","Research & Development",22,2,2,"Female",3,2,2,"L","Y",1,3,"N","Customercare Representative",4878,21653,5,"Yes",13,1,1,"L",10,"Y",3,9,7,8,1,61
34,"Travel_Rarely","Research & Development",23,3,4,"Female",3,2,2,"L","N",2,2,"Y","Research and Design Specialists",5433,19332,9,"No",12,3,1,"L",11,"Y",3,11,8,7,9,62
44,"Travel_Rarely","Sales",8,3,4,"Female",4,4,2,"H","Y",2,2,"Y","Sales Executive",13320,11737,2,"Yes",18,3,1,"L",23,"Y",3,12,11,11,11,53
38,"Travel_Rarely","Research & Development",7,5,4,"Male",3,1,2,"H","N",1,3,"N","Research and Design Specialists",3057,20471,7,"Yes",13,2,1,"L",6,"Y",1,1,0,0,1,68
55,"Travel_Rarely","Finance",11,4,1,"Male",2,3,1,"L","Y",2,2,"Y","Accountant",8117,8929,6,"Yes",15,3,1,"L",5,"Y",2,6,6,3,2,58
40,"Non-Travel","Sales",7,3,3,"Male",1,3,2,"L","N",2,2,"Y","Sales Executive",10932,11373,3,"No",15,3,1,"L",20,"N",3,1,0,0,1,46
41,"Travel_Rarely","Finance",15,3,2,"Male",3,2,2,"H","Y",2,3,"Y","Accountant",8352,9187,7,"Yes",19,3,0,"H",8,"Y",3,8,3,2,5,55
41,"Travel_Rarely","Research & Development",5,4,1,"Female",2,4,1,"L","N",3,3,"Y","Manufacturing Director",13570,5640,4,"No",23,3,1,"H",21,"N",3,20,7,0,10,31
46,"Travel_Rarely","Sales",21,2,3,"Male",2,3,1,"H","N",2,2,"Y","Sales Executive",9619,13596,1,"No",16,4,0,"H",9,"N",3,9,8,4,7,63
59,"Travel_Rarely","Sales",13,2,2,"Male",3,3,2,"L","Y",3,3,"Y","Manager",11904,11038,9,"Yes",14,3,1,"L",14,"Y",1,6,4,0,4,66
33,"Travel_Rarely","Research & Development",8,4,3,"Male",2,1,2,"L","Y",3,2,"Y","Research and Design Specialists",2799,3339,3,"Yes",11,2,0,"L",6,"Y",3,3,2,0,2,59
28,"Travel_Rarely","Research & Development",6,4,1,"Male",1,1,2,"L","N",3,3,"Y","Research and Design Specialists",3464,24737,5,"Yes",13,4,0,"L",5,"N",2,3,2,2,2,48
31,"Travel_Rarely","Sales",15,3,3,"Male",2,3,4,"H","N",2,2,"Y","Manager",11557,25291,9,"No",21,3,1,"H",10,"Y",2,5,4,0,1,67
36,"Travel_Rarely","Research & Development",19,4,2,"Female",3,3,2,"L","N",2,1,"Y","Customercare Representative",8008,22792,1,"No",12,3,2,"L",9,"N",3,3,2,0,2,48
34,"Travel_Rarely","Sales",21,1,2,"Female",3,2,2,"H","Y",3,1,"Y","Sales Executive",5714,5829,9,"No",20,1,0,"L",6,"Y",2,6,5,1,3,61
60,"Travel_Rarely","Sales",21,4,1,"Male",3,2,1,"L","N",2,2,"N","Sales Executive",5405,11924,6,"No",14,4,0,"L",10,"N",3,2,2,2,2,32
38,"Travel_Rarely","Sales",16,4,4,"Male",3,2,2,"L","Y",1,3,"N","Sales Executive",4440,7636,8,"No",15,1,2,"L",16,"Y",3,15,13,5,8,54
29,"Travel_Rarely","Research & Development",18,1,4,"Male",1,2,1,"L","N",1,1,"Y","Customercare Representative",6384,21143,9,"No",17,4,2,"H",11,"Y",3,7,0,1,6,56
29,"Travel_Rarely","Production",11,4,4,"Female",3,1,1,"L","Y",1,1,"N","Machinists ",2974,25412,1,"No",17,3,1,"L",9,"N",3,5,3,1,2,38
24,"Travel_Rarely","Production",4,2,4,"Male",2,1,3,"H","N",2,3,"N","Machinists ",2127,9100,5,"No",21,4,1,"H",1,"Y",3,1,0,0,0,84
43,"Travel_Rarely","Finance",14,4,2,"Male",3,2,2,"L","Y",1,1,"Y","Accountant",9973,10970,9,"No",18,4,0,"L",7,"N",1,5,3,1,6,62
42,"Travel_Rarely","Finance",7,4,2,"Male",3,3,4,"H","N",2,2,"Y","Accountant",8546,9401,4,"No",19,3,0,"L",10,"N",2,4,4,1,4,47
48,"Travel_Rarely","Production",23,2,1,"Male",2,3,2,"L","N",2,2,"N","Machinists ",5381,19294,9,"Yes",13,4,0,"L",23,"N",3,1,0,0,0,44
35,"Travel_Rarely","Research & Development",22,3,4,"Male",2,3,2,"H","Y",2,3,"Y","Manufacturing Director",10903,9129,3,"No",16,1,0,"L",16,"Y",3,13,10,4,8,52
26,"Travel_Rarely","Production",18,3,3,"Female",3,1,2,"H","N",3,3,"Y","Machinists ",2659,17759,1,"Yes",13,3,1,"L",3,"Y",3,3,2,0,2,60
31,"Travel_Rarely","Production",8,3,2,"Male",3,2,2,"L","Y",2,3,"Y","Machinists ",4197,18624,7,"No",11,1,1,"H",10,"Y",3,10,8,0,2,54
25,"Travel_Rarely","Sales",2,1,3,"Male",3,2,2,"L","Y",2,3,"Y","Sales Executive",4194,14363,6,"Yes",18,4,0,"L",5,"Y",3,5,3,0,3,59
29,"Travel_Rarely","Sales",7,3,3,"Male",3,1,1,"L","N",1,3,"N","Sales Representative",2642,2755,6,"No",11,3,0,"L",1,"N",3,1,0,0,0,29
39,"Travel_Rarely","Research & Development",11,1,1,"Male",3,2,2,"L","N",1,3,"N","Research and Design Specialists",4108,5340,1,"No",13,1,0,"L",18,"Y",3,7,7,1,7,50
32,"Travel_Rarely","Sales",17,4,4,"Male",1,3,2,"L","Y",2,2,"Y","Sales Executive",10400,25812,1,"No",11,3,0,"L",14,"N",2,14,8,9,8,48
38,"Travel_Rarely","Finance",12,4,2,"Female",3,3,1,"H","Y",1,1,"Y","Accountant",6998,7698,5,"No",19,2,1,"L",7,"Y",2,2,2,1,5,85
34,"Non-Travel","Research & Development",14,1,1,"Female",2,1,1,"H","Y",2,3,"N","Research and Design Specialists",2029,15891,9,"No",20,3,3,"H",5,"N",3,5,4,0,0,47
29,"Travel_Rarely","Research & Development",19,3,1,"Female",3,1,3,"L","Y",2,3,"Y","Research and Design Specialists",3760,5598,4,"No",15,1,3,"L",3,"Y",3,3,2,1,2,75
27,"Travel_Rarely","Production",22,1,1,"Male",3,1,2,"L","N",2,3,"N","Machinists ",3468,16632,9,"No",12,4,1,"L",6,"N",3,2,2,2,2,42
23,"Travel_Rarely","Sales",24,3,3,"Male",3,1,2,"L","Y",1,2,"N","Sales Representative",2275,25103,8,"Yes",21,2,1,"L",3,"N",3,3,2,0,2,44
56,"Travel_Rarely","Sales",22,5,4,"Female",2,2,3,"L","Y",3,3,"Y","Sales Executive",5380,20328,4,"No",16,3,1,"L",6,"Y",3,0,0,0,0,83
27,"Travel_Rarely","Research & Development",8,3,3,"Female",3,1,4,"L","Y",2,3,"Y","Research and Design Specialists",3445,6152,5,"No",11,3,0,"L",6,"Y",2,6,2,1,4,79
21,"Travel_Rarely","Research & Development",2,2,3,"Male",3,1,1,"H","N",3,3,"Y","Research and Design Specialists",1232,19281,1,"No",14,4,0,"L",0,"Y",3,0,0,0,0,55
52,"Travel_Rarely","Finance",21,4,2,"Male",3,3,2,"L","N",1,3,"Y","Accountant",9190,10109,2,"Yes",17,1,0,"H",9,"Y",3,10,3,2,2,30
37,"Travel_Rarely","IT_Suppport",16,4,1,"Male",4,2,4,"L","Y",3,3,"Y","IT specialists",6366,7003,8,"No",17,3,0,"H",5,"Y",2,4,3,3,5,70
35,"Travel_Frequently","Research & Development",6,4,3,"Male",3,2,1,"L","N",2,2,"N","Customercare Representative",5689,24594,8,"Yes",14,4,2,"H",10,"N",4,10,2,0,2,35
39,"Travel_Rarely","Sales",19,4,4,"Female",2,2,4,"H","N",2,1,"Y","Sales Executive",5902,14590,4,"No",14,3,1,"H",17,"Y",4,15,11,5,9,69
29,"Travel_Rarely","Human Resources",9,1,4,"Male",2,1,4,"L","Y",1,2,"Y","Human Resources",2804,15434,7,"No",11,4,0,"H",1,"Y",3,1,0,0,0,65
48,"Travel_Rarely","Research & Development",15,3,4,"Male",2,5,2,"H","Y",2,2,"Y","Research Director",18265,8733,8,"No",12,3,0,"L",25,"Y",4,1,0,0,0,72
57,"Travel_Rarely","Sales",23,3,1,"Male",2,4,1,"L","N",1,2,"N","Manager",14118,22102,3,"No",12,3,1,"L",32,"N",2,1,0,0,0,34
46,"Travel_Rarely","Sales",8,3,1,"Male",3,3,1,"L","N",2,2,"Y","Sales Executive",10096,15986,7,"No",11,1,1,"L",28,"N",4,7,7,4,3,37
43,"Travel_Frequently","Production",19,4,3,"Female",3,1,2,"H","N",3,3,"Y","Machinists ",2455,10675,0,"No",19,1,0,"L",9,"Y",3,8,7,1,7,53
32,"Travel_Rarely","Sales",22,3,3,"Male",4,2,4,"L","N",3,3,"Y","Sales Executive",6209,11693,7,"No",15,3,2,"L",10,"Y",4,10,7,0,8,69
41,"Travel_Rarely","Human Resources",8,4,2,"Male",2,5,2,"H","N",3,3,"Y","Manager",19141,8861,7,"No",15,2,3,"L",23,"Y",2,21,6,12,6,61
29,"Travel_Rarely","Finance",5,3,2,"Male",2,3,2,"L","Y",3,3,"Y","Accountant",9447,10392,2,"No",15,2,0,"L",5,"Y",2,3,5,2,3,79
35,"Non-Travel","Research & Development",8,2,3,"Male",2,3,3,"H","N",2,2,"Y","Customercare Representative",9884,8302,2,"Yes",13,3,1,"H",10,"Y",3,4,0,2,3,69
53,"Travel_Rarely","Sales",1,3,1,"Male",3,4,2,"L","Y",2,3,"Y","Sales Executive",11836,22789,4,"No",14,3,1,"L",28,"Y",3,2,0,2,2,61
39,"Travel_Rarely","Sales",5,3,4,"Male",4,3,2,"H","N",3,2,"Y","Sales Executive",8237,4658,9,"No",11,1,1,"H",11,"Y",3,7,6,7,6,73
35,"Travel_Frequently","Sales",22,4,4,"Male",3,2,1,"L","Y",1,3,"N","Sales Executive",4581,10414,8,"Yes",24,1,0,"L",13,"N",4,11,9,6,7,29
46,"Travel_Rarely","Production",20,2,4,"Male",3,3,2,"H","Y",3,2,"Y","Manufacturing Director",10845,24208,2,"No",13,2,1,"L",13,"Y",3,8,7,0,7,70
29,"Travel_Rarely","Sales",2,3,3,"Male",2,2,1,"L","Y",1,2,"Y","Sales Executive",8620,23757,6,"No",14,3,2,"H",10,"Y",3,10,7,0,4,51
45,"Travel_Rarely","Research & Development",9,3,3,"Male",4,5,4,"H","Y",2,2,"N","Manager",19202,15970,0,"No",11,3,1,"H",25,"Y",3,24,0,1,7,64
54,"Travel_Rarely","Research & Development",15,3,4,"Male",3,4,2,"L","Y",3,3,"Y","Research Director",17779,23474,6,"No",14,1,0,"L",36,"Y",3,10,9,0,9,57
26,"Non-Travel","Production",16,3,4,"Male",3,1,2,"L","N",1,1,"N","Machinists ",2570,11925,5,"No",20,3,0,"L",7,"N",3,7,7,5,7,46
28,"Travel_Rarely","Sales",4,2,4,"Female",3,2,2,"L","N",2,1,"Y","Sales Executive",9854,23352,9,"Yes",11,4,0,"H",6,"N",3,2,0,2,2,36
45,"Travel_Frequently","Research & Development",14,3,2,"Female",3,5,2,"L","Y",2,3,"Y","Manager",18061,13035,4,"No",22,3,0,"H",22,"N",3,0,0,0,0,48
37,"Travel_Rarely","Research & Development",3,3,3,"Male",3,3,1,"H","N",2,3,"Y","Manufacturing Director",9434,9606,8,"No",15,3,1,"L",10,"Y",3,10,7,7,8,58
48,"Travel_Frequently","Production",5,4,1,"Female",4,5,4,"L","N",2,1,"N","Production Supervisors",5921,6513,5,"No",15,2,0,"H",5,"Y",1,5,3,1,6,38
50,"Travel_Rarely","Research & Development",10,4,2,"Male",2,4,1,"L","N",2,2,"Y","Manager",17046,9314,0,"No",15,2,1,"L",28,"N",3,27,10,15,7,34
45,"Travel_Rarely","Research & Development",24,2,4,"Female",2,2,3,"L","N",3,3,"Y","Manufacturing Director",5770,5388,9,"No",19,1,2,"L",10,"Y",3,10,7,3,9,75
26,"Travel_Frequently","Research & Development",22,3,3,"Female",3,2,2,"H","N",2,3,"Y","Manufacturing Director",6397,26767,1,"No",20,1,1,"H",6,"Y",1,6,5,1,4,77
18,"Non-Travel","Production",19,3,4,"Female",3,1,4,"L","N",1,1,"Y","Machinists ",1611,19305,6,"No",15,3,0,"L",0,"Y",4,0,0,0,0,65
56,"Travel_Rarely","Production",25,2,4,"Male",3,1,2,"L","Y",2,3,"Y","Machinists ",2339,3666,8,"No",11,4,1,"L",14,"Y",1,10,9,9,8,53
24,"Travel_Rarely","Research & Development",6,3,3,"Male",4,1,2,"L","N",2,3,"N","Research and Design Specialists",4401,17616,1,"No",16,4,1,"L",5,"N",3,5,3,0,4,36
43,"Travel_Rarely","Sales",5,3,3,"Male",2,3,4,"L","Y",2,2,"Y","Sales Executive",10798,5268,4,"No",13,3,1,"L",18,"Y",3,1,0,0,0,63
44,"Travel_Rarely","Finance",20,4,1,"Male",3,3,1,"L","N",1,3,"Y","Accountant",8928,9821,7,"Yes",17,2,0,"H",6,"Y",1,4,6,2,7,34
28,"Non-Travel","Sales",14,2,2,"Male",2,3,2,"H","Y",2,3,"Y","Customercare Representative",8722,12355,8,"No",12,1,0,"L",10,"Y",2,10,7,1,9,53
45,"Travel_Rarely","Production",8,3,2,"Male",4,2,2,"L","N",3,3,"N","Production Supervisors",5984,6582,6,"Yes",19,1,1,"H",10,"N",1,7,5,3,3,31
55,"Travel_Rarely","Sales",4,4,1,"Male",4,4,2,"H","N",3,2,"Y","Sales Executive",13695,9277,4,"Yes",17,3,0,"H",24,"N",2,19,7,3,8,48
31,"Travel_Frequently","Finance",5,3,2,"Female",3,3,1,"H","Y",3,3,"Y","Accountant",8285,9114,6,"No",18,2,1,"H",7,"Y",1,4,2,1,4,62
44,"Travel_Frequently","Finance",7,4,2,"Male",3,3,4,"L","N",1,1,"Y","Accountant",8173,8990,7,"Yes",15,4,1,"H",6,"N",1,9,6,2,7,32
41,"Travel_Rarely","Research & Development",6,5,2,"Male",4,1,4,"H","N",3,3,"Y","Research and Design Specialists",2127,5561,8,"Yes",12,1,0,"H",7,"Y",2,4,2,0,3,69
29,"Travel_Rarely","Sales",10,3,1,"Male",2,2,2,"H","N",2,3,"Y","Sales Executive",6644,3687,2,"No",19,2,2,"H",10,"Y",3,0,0,0,0,66
37,"Travel_Rarely","Finance",24,4,2,"Male",2,2,1,"L","Y",3,2,"N","Accountant",8745,9620,4,"No",16,2,0,"L",10,"Y",2,8,3,1,4,82
31,"Travel_Rarely","Research & Development",8,4,4,"Male",3,2,2,"H","N",2,1,"Y","Manufacturing Director",6179,21057,7,"Yes",15,4,2,"H",10,"N",2,10,2,6,7,44
44,"Travel_Rarely","Research & Development",22,2,2,"Male",3,1,2,"H","Y",2,1,"Y","Research and Design Specialists",2559,7508,9,"Yes",13,4,0,"L",8,"Y",3,8,7,7,1,53
28,"Travel_Rarely","Finance",17,4,2,"Female",2,3,3,"L","Y",1,1,"Y","IT specialists",10351,11386,2,"No",20,2,1,"H",6,"Y",1,6,7,2,2,59
54,"Travel_Rarely","Research & Development",11,3,4,"Female",3,4,4,"L","N",2,2,"Y","Research Director",17328,5652,9,"No",19,4,0,"H",29,"Y",2,20,7,12,7,74
28,"Travel_Rarely","Production",17,1,3,"Female",3,1,1,"L","N",3,2,"N","Machinists ",2515,22955,3,"Yes",11,4,0,"L",1,"N",2,1,1,0,0,29
24,"Travel_Rarely","Production",10,1,2,"Male",3,1,2,"L","N",1,3,"N","Machinists ",3907,3622,7,"No",13,2,3,"L",6,"N",4,6,2,1,2,49
30,"Travel_Rarely","IT_Suppport",8,4,2,"Female",2,4,1,"H","Y",2,3,"N","Machinists ",NA,5851,7,"No",15,4,0,"H",10,"N",2,9,3,2,6,73
34,"Travel_Rarely","Research & Development",23,4,1,"Female",3,3,2,"H","N",2,2,"N","Research Director",11994,21293,0,"No",11,3,0,"H",13,"Y",3,12,6,2,11,70
31,"Travel_Frequently","Research & Development",14,5,3,"Female",4,3,1,"H","N",3,1,"Y","Manufacturing Director",7446,8931,7,"No",11,1,0,"H",10,"Y",3,10,8,4,7,55
49,"Travel_Rarely","Research & Development",2,4,1,"Male",3,2,4,"L","Y",1,3,"Y","Customercare Representative",6651,21534,3,"No",14,2,1,"H",20,"Y",2,3,2,1,2,74
28,"Travel_Rarely","Finance",19,3,2,"Male",3,2,1,"L","Y",3,1,"Y","Accountant",8631,9494,1,"Yes",17,3,1,"L",10,"N",1,5,5,3,4,59
23,"Travel_Rarely","Research & Development",4,1,1,"Male",4,1,2,"H","N",2,1,"Y","Research and Design Specialists",3505,19630,4,"No",18,4,0,"L",2,"Y",3,2,2,0,2,66
31,"Travel_Rarely","Research & Development",17,1,1,"Male",3,1,1,"L","Y",1,3,"N","Research and Design Specialists",2911,15170,1,"No",17,4,1,"L",5,"N",2,5,2,4,3,29
43,"Travel_Frequently","Production",23,4,3,"Female",2,2,2,"H","Y",2,3,"Y","Machinists ",5257,6227,1,"No",11,2,1,"H",9,"Y",4,9,7,0,0,66
47,"Travel_Rarely","Finance",9,4,2,"Male",2,2,2,"L","Y",2,2,"N","Accountant",8354,9189,7,"Yes",20,2,0,"H",10,"Y",3,10,2,2,4,56
58,"Travel_Rarely","Research & Development",14,4,3,"Female",2,3,2,"L","N",1,3,"Y","Manufacturing Director",10008,12023,2,"Yes",14,4,0,"L",31,"Y",2,10,9,5,9,59
29,"Travel_Rarely","Finance",15,3,2,"Male",2,2,2,"L","N",2,1,"Y","Accountant",8085,8894,7,"No",15,2,1,"L",6,"N",2,4,2,2,4,31
30,"Travel_Frequently","Production",25,3,2,"Male",3,3,3,"L","N",3,1,"N","Production Supervisors",5964,7157,9,"Yes",18,2,1,"H",5,"N",3,7,3,2,6,34
29,"Travel_Rarely","Production",7,2,4,"Male",2,2,1,"L","N",1,3,"N","Machinists ",4025,23679,3,"Yes",13,1,1,"H",10,"N",3,4,3,0,3,38
30,"Non-Travel","Production",1,3,3,"Female",3,1,1,"H","N",1,3,"N","Machinists ",2564,7181,0,"No",14,3,0,"L",12,"Y",2,11,7,6,7,51
27,"Travel_Frequently","Sales",5,3,4,"Female",3,2,2,"H","N",3,3,"Y","Sales Executive",9981,12916,1,"No",14,4,0,"L",7,"Y",3,7,7,0,7,52
29,"Travel_Rarely","Research & Development",25,1,2,"Female",1,1,2,"L","Y",2,3,"N","Research and Design Specialists",2168,26933,9,"Yes",18,1,1,"L",6,"N",2,5,4,1,3,41
36,"Travel_Rarely","Research & Development",3,4,3,"Female",3,2,2,"L","N",1,3,"N","Manufacturing Director",4663,12421,3,"Yes",12,2,2,"L",7,"N",3,3,2,1,1,41
32,"Travel_Rarely","IT_Suppport",23,3,2,"Male",4,2,1,"H","Y",3,1,"Y","IT specialists",10831,11914,9,"No",16,2,1,"H",8,"Y",1,3,2,3,3,71
30,"Travel_Rarely","IT_Suppport",24,3,1,"Male",3,2,2,"H","Y",1,3,"Y","IT specialists",10909,12000,6,"No",18,4,1,"L",10,"Y",1,3,4,2,6,69
41,"Non-Travel","Research & Development",24,1,2,"Female",1,5,1,"H","N",1,3,"Y","Research Director",19973,20284,3,"No",22,2,2,"L",21,"N",3,21,16,5,10,47
51,"Travel_Rarely","Production",13,3,2,"Male",3,4,4,"L","N",2,3,"N","Production Supervisors",5737,6311,8,"No",18,3,0,"L",6,"Y",2,2,5,2,5,36
49,"Travel_Rarely","Finance",5,4,2,"Male",3,3,4,"L","N",3,1,"Y","Accountant",8134,8947,1,"Yes",19,4,0,"L",7,"N",2,3,5,1,7,49
40,"Travel_Rarely","Finance",6,3,1,"Male",2,3,2,"L","N",2,3,"Y","Accountant",8184,9002,8,"Yes",20,2,0,"L",10,"Y",2,4,2,2,4,42
36,"Travel_Rarely","Human Resources",23,3,3,"Male",3,1,2,"H","Y",3,2,"Y","Human Resources",2143,25527,2,"No",13,2,1,"L",8,"Y",3,5,2,0,4,54
26,"Travel_Rarely","Research & Development",9,3,1,"Female",3,1,2,"H","N",2,3,"Y","Research and Design Specialists",2061,11133,1,"No",21,1,0,"H",1,"Y",3,1,0,0,0,61
28,"Travel_Rarely","Research & Development",8,3,1,"Male",2,1,4,"L","Y",3,3,"Y","Research and Design Specialists",1563,12530,6,"No",14,4,1,"H",1,"Y",1,1,0,0,0,67
41,"Travel_Rarely","Sales",12,1,3,"Female",3,3,4,"L","Y",2,1,"Y","Sales Executive",10447,26458,4,"Yes",13,4,1,"H",23,"Y",4,22,14,13,5,63
33,"Travel_Frequently","Sales",2,3,4,"Male",3,2,1,"L","N",2,1,"N","Sales Executive",4373,17456,7,"No",14,1,2,"H",5,"N",3,4,3,0,3,47
53,"Travel_Rarely","Sales",3,2,3,"Male",3,4,4,"H","Y",2,3,"Y","Manager",14852,13938,3,"No",13,3,1,"H",22,"Y",4,17,13,15,2,97
30,"Travel_Rarely","Research & Development",4,3,2,"Male",2,1,1,"L","Y",1,3,"N","Research and Design Specialists",2141,5348,1,"No",12,2,1,"L",6,"N",2,6,4,1,1,34
46,"Travel_Rarely","Human Resources",25,2,4,"Female",3,1,2,"H","Y",3,3,"Y","Human Resources",3423,22957,9,"No",12,3,0,"L",10,"Y",4,7,6,5,7,53
35,"Travel_Rarely","Research & Development",18,2,4,"Female",2,2,2,"L","N",2,2,"N","Manufacturing Director",4788,25388,1,"Yes",11,4,0,"H",4,"Y",3,3,2,0,2,50
38,"Travel_Frequently","Research & Development",16,4,1,"Female",4,2,2,"H","N",2,1,"Y","Manufacturing Director",5980,26085,2,"Yes",12,4,0,"H",17,"Y",3,15,7,4,12,77
47,"Travel_Rarely","Sales",6,2,3,"Female",3,2,2,"L","N",1,2,"N","Sales Executive",4537,17783,1,"Yes",22,1,1,"L",8,"N",3,7,6,7,7,49
37,"Travel_Rarely","Research & Development",4,2,2,"Female",4,5,1,"L","N",3,2,"Y","Sales Executive",NA,7496,7,"No",17,4,0,"L",8,"Y",1,8,5,2,5,69
30,"Travel_Rarely","Sales",4,3,3,"Male",2,2,1,"L","Y",2,3,"Y","Sales Executive",6578,2706,4,"No",18,1,1,"L",10,"Y",3,10,3,1,4,55
45,"Travel_Rarely","Research & Development",25,3,2,"Male",3,3,2,"L","N",1,1,"Y","Manufacturing Director",9380,14720,9,"Yes",18,4,2,"H",10,"Y",4,3,1,1,2,57
42,"Travel_Rarely","Research & Development",15,2,4,"Female",4,2,4,"H","Y",2,3,"N","Research and Design Specialists",6545,23016,3,"Yes",13,3,0,"H",10,"Y",3,3,2,0,2,63
42,"Travel_Frequently","Research & Development",10,3,2,"Male",3,5,2,"H","Y",2,1,"N","Manager",18430,16225,3,"No",13,2,1,"L",24,"Y",2,24,7,14,9,61
42,"Travel_Rarely","Research & Development",23,3,2,"Male",3,2,2,"L","N",3,2,"N","Manufacturing Director",4434,11806,6,"No",13,4,1,"L",10,"N",2,9,8,7,8,43
34,"Travel_Rarely","Research & Development",25,3,3,"Female",4,1,2,"L","Y",3,3,"N","Research and Design Specialists",2585,21643,4,"No",17,4,0,"H",2,"N",2,1,0,0,0,44
34,"Travel_Rarely","Sales",15,3,4,"Male",1,2,4,"H","N",3,2,"Y","Sales Executive",4759,15891,7,"No",18,4,0,"H",15,"Y",3,13,9,3,12,80
32,"Travel_Rarely","Research & Development",13,3,2,"Male",3,2,4,"L","N",2,2,"Y","Research and Design Specialists",6220,7346,1,"No",17,2,2,"L",10,"Y",3,10,4,0,9,34
31,"Travel_Frequently","Sales",2,3,4,"Female",3,1,1,"H","Y",2,1,"N","Sales Representative",2302,8319,4,"Yes",11,1,0,"H",3,"N",4,3,2,2,2,39
45,"Travel_Rarely","Research & Development",13,3,2,"Male",3,3,1,"H","Y",2,2,"Y","Research and Design Specialists",9724,18787,2,"No",17,3,1,"H",25,"N",3,1,0,0,0,66
29,"Travel_Frequently","Finance",24,4,2,"Female",2,2,1,"L","N",3,3,"Y","Accountant",7309,8040,7,"No",20,1,0,"H",9,"N",2,2,2,3,6,29
26,"Travel_Rarely","Production",16,4,4,"Male",1,1,1,"L","Y",3,2,"N","Machinists ",2305,6217,2,"No",15,3,3,"L",3,"N",4,3,2,0,2,47
35,"Travel_Rarely","Research & Development",18,4,3,"Male",2,2,2,"H","N",2,3,"Y","Customercare Representative",6540,19394,9,"No",19,3,0,"H",10,"Y",3,1,1,0,0,70
34,"Travel_Rarely","Sales",3,2,2,"Male",3,1,1,"H","Y",3,1,"Y","Sales Representative",2308,4944,1,"Yes",25,2,1,"H",12,"Y",3,11,10,5,7,58
28,"Travel_Frequently","Finance",24,3,2,"Male",3,2,1,"L","N",2,3,"Y","Accountant",8152,8967,2,"No",17,4,1,"H",7,"N",1,3,5,3,5,40
26,"Travel_Rarely","IT_Suppport",9,1,4,"Male",4,3,3,"L","N",3,1,"N","Sales Executive",NA,7496,7,"No",19,1,0,"L",7,"N",1,3,5,1,6,69
37,"Travel_Frequently","Sales",21,2,3,"Female",3,1,1,"L","N",2,2,"N","Sales Representative",2973,21222,9,"No",15,2,1,"L",10,"N",3,5,4,0,0,38
40,"Travel_Rarely","Research & Development",8,4,1,"Male",3,3,2,"L","N",1,2,"Y","Customercare Representative",10322,26542,6,"No",20,4,1,"L",14,"N",3,11,10,11,1,36
23,"Travel_Frequently","Sales",19,3,4,"Male",3,1,1,"L","N",2,1,"N","Sales Representative",1790,26956,8,"No",19,1,1,"H",1,"N",2,1,0,1,0,37
34,"Travel_Frequently","Research & Development",2,1,4,"Male",2,2,2,"H","Y",2,3,"N","Manufacturing Director",9547,14074,1,"No",17,3,0,"H",10,"Y",2,10,9,1,9,77
40,"Travel_Rarely","Production",19,3,2,"Female",2,2,3,"H","Y",2,3,"Y","IT specialists",5127,5640,5,"Yes",17,4,1,"L",10,"Y",3,3,6,2,2,85
35,"Travel_Frequently","Research & Development",14,2,3,"Male",3,3,2,"L","N",3,3,"Y","Manufacturing Director",9362,19944,7,"No",11,3,0,"H",10,"Y",3,2,2,2,2,68
50,"Non-Travel","Research & Development",1,4,1,"Male",3,4,1,"L","Y",2,3,"Y","Manager",17924,4544,7,"No",11,4,1,"L",31,"Y",3,31,6,14,7,58
34,"Travel_Frequently","Production",14,4,1,"Female",2,1,1,"L","N",2,1,"Y","Production Supervisors",6739,7413,8,"No",20,4,1,"L",10,"Y",1,6,4,1,5,33
59,"Travel_Rarely","Research & Development",16,4,4,"Male",3,3,2,"L","Y",1,1,"Y","Manufacturing Director",10512,20002,9,"No",12,4,0,"H",25,"N",2,9,7,5,4,43
29,"Travel_Rarely","Production",8,1,1,"Female",2,1,2,"H","Y",2,2,"Y","Machinists ",2532,6054,1,"No",14,3,3,"L",8,"Y",3,4,3,0,3,62
49,"Travel_Rarely","Production",6,2,1,"Female",3,3,2,"L","Y",1,1,"Y","Machinists ",7403,22477,3,"No",11,3,1,"L",29,"Y",2,26,9,1,7,60
32,"Travel_Rarely","Sales",10,5,4,"Male",3,2,2,"H","N",2,1,"Y","Sales Executive",9204,23343,5,"No",12,3,1,"H",7,"Y",2,4,3,0,3,72
26,"Travel_Rarely","Research & Development",5,1,4,"Male",4,3,3,"L","N",3,2,"N","Machinists ",5100,5610,6,"No",15,1,1,"H",6,"Y",1,4,7,1,3,75
37,"Travel_Frequently","Finance",4,3,1,"Female",3,3,2,"L","Y",2,1,"Y","Accountant",9202,10122,9,"No",20,1,0,"L",10,"Y",1,4,7,3,2,63
53,"Travel_Frequently","Sales",12,3,3,"Female",2,3,1,"H","Y",2,3,"Y","Sales Executive",7525,23537,5,"No",12,1,1,"L",30,"Y",3,15,7,6,12,58
35,"Travel_Rarely","Sales",19,4,3,"Male",2,2,1,"L","N",2,3,"N","Sales Executive",4312,23016,0,"No",14,2,0,"L",16,"Y",3,15,13,2,8,32
36,"Travel_Rarely","Production",9,2,1,"Female",3,1,4,"H","N",3,2,"Y","Machinists ",2835,2561,5,"No",22,1,1,"H",7,"Y",3,1,0,0,0,64
32,"Travel_Frequently","Research & Development",23,3,1,"Male",3,1,2,"L","Y",2,3,"Y","Research and Design Specialists",3433,17360,9,"No",13,1,1,"L",10,"Y",2,5,2,1,3,61
27,"Travel_Rarely","Research & Development",4,2,3,"Female",3,3,3,"H","N",3,3,"N","Manufacturing Director",7412,6009,9,"No",11,4,0,"H",9,"Y",3,9,7,0,7,75
47,"Travel_Frequently","Sales",25,3,4,"Female",3,4,2,"H","N",2,1,"Y","Sales Executive",13770,10225,2,"Yes",12,4,2,"L",28,"Y",2,22,2,11,13,53
49,"Travel_Rarely","Production",13,4,1,"Male",3,3,3,"H","Y",2,1,"Y","IT specialists",8760,9636,1,"Yes",16,1,1,"L",6,"Y",1,7,6,1,4,75
51,"Travel_Frequently","Research & Development",20,4,1,"Male",1,3,2,"L","Y",2,2,"Y","Manufacturing Director",10650,25150,2,"No",15,4,0,"L",18,"N",3,4,2,0,3,46
55,"Travel_Rarely","Research & Development",1,3,4,"Male",3,5,2,"L","Y",2,2,"Y","Manager",19045,18938,0,"Yes",14,3,0,"L",37,"N",3,36,10,4,13,36
36,"Travel_Rarely","Research & Development",3,4,4,"Female",3,3,4,"L","N",3,2,"Y","Customercare Representative",7094,5747,6,"No",12,1,0,"L",10,"Y",3,7,7,1,7,65
27,"Travel_Frequently","Production",21,2,4,"Female",3,1,1,"L","N",2,3,"N","Machinists ",2379,19826,5,"Yes",14,3,0,"H",6,"N",2,5,4,0,2,32
39,"Travel_Frequently","Research & Development",2,4,3,"Female",3,3,2,"H","N",2,2,"Y","Customercare Representative",10938,6420,0,"No",25,4,0,"H",20,"Y",3,19,6,11,8,62
33,"Travel_Rarely","Research & Development",22,4,4,"Male",3,1,1,"L","N",2,3,"N","Research and Design Specialists",2686,5207,8,"Yes",13,3,0,"L",10,"N",2,10,9,7,8,38
33,"Travel_Frequently","Research & Development",18,3,1,"Male",3,1,1,"L","N",3,2,"N","Research and Design Specialists",3348,3164,8,"Yes",11,1,0,"L",10,"N",3,10,8,9,7,37
27,"Travel_Rarely","Research & Development",11,3,3,"Male",3,1,2,"H","N",3,3,"Y","Research and Design Specialists",3058,13364,0,"Yes",16,4,1,"L",6,"Y",2,5,2,1,1,52
37,"Travel_Rarely","Production",20,3,4,"Female",3,1,2,"L","N",3,3,"N","Machinists ",3034,26914,1,"No",12,3,1,"L",18,"N",2,18,7,12,17,49
36,"Travel_Rarely","Research & Development",24,4,3,"Female",3,2,2,"L","Y",2,2,"Y","Manufacturing Director",5410,2323,4,"Yes",11,4,0,"L",18,"Y",3,16,14,5,12,61
44,"Travel_Frequently","Sales",6,2,2,"Female",3,3,1,"H","Y",3,3,"N","Manufacturing Director",NA,5504,6,"No",19,2,1,"H",10,"N",2,6,4,3,3,68
22,"Non-Travel","Production",24,2,4,"Male",4,1,2,"H","N",3,2,"Y","Machinists ",2935,7324,1,"Yes",13,2,2,"L",1,"Y",2,1,0,0,0,52
42,"Travel_Rarely","Production",10,3,4,"Male",3,1,2,"L","Y",2,3,"Y","Machinists ",3968,13624,4,"No",13,4,0,"H",8,"Y",3,0,0,0,0,78
34,"Travel_Rarely","Sales",3,2,3,"Female",3,2,1,"H","Y",3,2,"Y","Sales Executive",6500,13305,2,"No",17,2,1,"L",6,"Y",3,3,2,1,2,56
35,"Travel_Rarely","Sales",3,3,4,"Male",3,3,1,"L","N",3,3,"Y","Sales Executive",9582,10333,3,"Yes",22,1,0,"L",9,"N",3,8,7,4,7,39
36,"Travel_Rarely","Research & Development",8,3,3,"Male",3,2,2,"L","N",2,3,"N","Research and Design Specialists",4485,26285,4,"No",12,4,0,"L",10,"N",3,8,0,7,7,30
32,"Travel_Rarely","Research & Development",23,3,1,"Male",3,2,4,"H","N",3,3,"Y","Manufacturing Director",6162,10877,1,"Yes",22,2,1,"L",9,"Y",3,9,8,7,8,55
37,"Travel_Frequently","Research & Development",1,3,2,"Male",3,1,1,"L","Y",2,3,"N","Research and Design Specialists",2326,11411,1,"Yes",12,3,3,"L",4,"N",2,4,2,1,2,40
40,"Non-Travel","Research & Development",12,1,4,"Male",2,3,4,"L","N",3,3,"Y","Research Director",13757,25178,3,"No",11,3,1,"H",16,"Y",3,9,8,4,8,64
34,"Travel_Rarely","Production",12,3,4,"Female",2,1,4,"H","Y",2,1,"Y","Machinists ",3294,3708,8,"No",17,1,1,"H",7,"Y",2,5,4,0,2,82
59,"Travel_Rarely","Research & Development",22,3,3,"Female",2,4,4,"H","Y",1,3,"Y","Manufacturing Director",13726,21829,4,"Yes",13,1,0,"H",30,"Y",3,5,3,4,3,80
30,"Non-Travel","Sales",22,2,4,"Female",3,2,2,"L","N",3,1,"N","Sales Executive",4736,6069,7,"Yes",12,2,1,"L",4,"N",4,2,2,2,2,48
36,"Travel_Rarely","Research & Development",8,4,1,"Male",3,2,2,"L","N",2,3,"N","Customercare Representative",5347,7419,7,"No",14,2,2,"L",10,"N",2,3,2,0,2,46
34,"Travel_Rarely","Sales",4,4,4,"Male",3,3,2,"L","N",2,3,"N","Sales Executive",8628,22914,7,"No",18,3,1,"L",9,"N",2,8,7,1,1,48
37,"Travel_Rarely","Finance",22,3,2,"Male",3,3,3,"L","Y",2,2,"Y","Accountant",9814,10795,7,"Yes",17,1,1,"L",5,"Y",3,8,4,2,4,61
29,"Travel_Rarely","Research & Development",11,3,4,"Female",2,1,2,"L","N",1,3,"N","Research and Design Specialists",2109,10007,9,"No",13,3,1,"L",1,"N",3,1,0,0,0,49
46,"Travel_Rarely","Human Resources",14,2,2,"Male",3,2,2,"L","Y",3,3,"N","Human Resources",5021,10425,8,"Yes",22,4,1,"L",16,"Y",3,4,2,0,2,33
36,"Travel_Rarely","Sales",23,4,3,"Female",3,2,4,"L","N",2,3,"Y","Customercare Representative",4502,7439,5,"No",15,3,0,"L",17,"Y",2,13,7,6,7,64
37,"Non-Travel","Research & Development",17,5,2,"Female",3,2,1,"L","N",1,3,"N","Research and Design Specialists",4449,23866,3,"Yes",15,1,2,"L",15,"N",3,13,11,10,7,31
50,"Travel_Rarely","Finance",17,4,1,"Male",2,3,1,"L","Y",3,3,"Y","Accountant",9029,9932,4,"Yes",19,2,0,"L",9,"Y",3,3,3,1,6,75
41,"Travel_Rarely","Finance",4,4,2,"Male",2,2,1,"L","Y",3,2,"N","Accountant",8903,9793,5,"No",20,1,0,"L",8,"Y",2,3,2,2,3,71
42,"Travel_Rarely","Research & Development",2,4,1,"Male",2,2,1,"H","N",3,3,"Y","Customercare Representative",6781,17078,3,"No",23,2,0,"L",14,"Y",3,1,0,0,0,51
42,"Travel_Rarely","IT_Suppport",9,2,3,"Male",2,3,1,"L","N",3,1,"Y","Research and Design Specialists",6830,7513,8,"No",17,1,0,"H",9,"Y",2,10,4,2,2,71
53,"Travel_Rarely","Research & Development",19,3,3,"Female",3,5,2,"H","N",2,2,"Y","Manager",19094,10735,4,"No",11,4,1,"L",26,"Y",2,14,13,4,8,57
35,"Non-Travel","Research & Development",15,4,3,"Female",3,2,2,"L","N",3,1,"Y","Customercare Representative",4148,12250,5,"No",12,4,1,"L",15,"Y",3,14,11,2,9,77
36,"Travel_Rarely","Sales",13,2,3,"Male",2,2,1,"L","N",1,2,"N","Sales Executive",5507,16822,2,"No",16,3,2,"H",12,"N",1,4,2,1,3,40
32,"Non-Travel","Sales",24,4,4,"Male",4,2,2,"L","N",2,2,"N","Sales Executive",4707,23914,5,"No",12,4,0,"L",6,"N",3,4,2,1,2,42
33,"Travel_Rarely","Research & Development",13,4,4,"Male",4,1,2,"L","N",2,2,"Y","Research and Design Specialists",3143,6076,6,"No",19,2,1,"H",14,"Y",3,10,8,7,6,60
37,"Travel_Rarely","Production",14,3,1,"Female",3,1,4,"H","N",2,2,"Y","Machinists ",3629,19106,5,"No",18,1,0,"H",8,"Y",3,3,2,0,2,63
52,"Non-Travel","Research & Development",16,4,4,"Male",3,1,2,"H","N",2,2,"Y","Research and Design Specialists",4258,26589,9,"No",18,1,1,"L",5,"Y",3,4,3,1,2,52
31,"Travel_Rarely","Human Resources",5,3,1,"Male",2,2,2,"H","N",2,3,"Y","Human Resources",6410,17822,3,"No",12,4,0,"H",9,"Y",3,2,2,1,0,68
47,"Travel_Rarely","Finance",22,3,2,"Male",2,2,2,"L","N",1,1,"Y","Accountant",9017,9919,1,"Yes",18,3,1,"H",6,"Y",1,8,3,3,7,33
27,"Travel_Frequently","Research & Development",18,1,3,"Male",2,2,1,"L","N",2,3,"N","Manufacturing Director",4298,9679,5,"No",19,3,1,"L",6,"N",3,2,2,2,0,31
42,"Travel_Frequently","Research & Development",24,5,1,"Female",3,3,2,"L","N",3,3,"Y","Research Director",13191,23281,5,"Yes",17,3,0,"L",20,"Y",3,1,0,0,0,54
29,"Travel_Rarely","Production",9,2,4,"Female",2,2,1,"L","N",2,3,"Y","Machinists ",4193,12682,0,"Yes",12,4,0,"L",10,"N",3,9,5,0,8,40
19,"Travel_Rarely","Sales",4,1,4,"Male",3,1,2,"H","N",3,1,"Y","Sales Manager",1675,26820,1,"Yes",19,4,0,"L",0,"Y",2,0,0,0,0,53
27,"Travel_Rarely","Production",11,3,4,"Male",2,1,2,"L","N",2,3,"N","Machinists ",4066,16290,7,"No",11,1,2,"L",7,"N",3,7,7,0,7,44
37,"Travel_Rarely","Sales",21,3,3,"Male",3,3,2,"L","N",1,2,"Y","Sales Executive",7428,14506,2,"No",12,1,0,"L",12,"N",3,5,3,1,3,36
38,"Travel_Frequently","Production",4,2,3,"Female",2,1,2,"L","Y",2,2,"Y","Machinists ",2468,15963,2,"No",14,2,1,"L",9,"Y",2,6,1,0,5,52
30,"Travel_Rarely","Research & Development",24,4,2,"Female",3,3,2,"L","N",2,2,"Y","Manager",11916,25927,1,"Yes",23,4,2,"L",9,"Y",3,9,1,0,8,50
27,"Travel_Rarely","Research & Development",12,4,1,"Female",2,1,1,"H","N",2,2,"Y","Research and Design Specialists",2187,5013,4,"No",12,3,2,"L",6,"Y",2,5,3,0,3,58
33,"Travel_Frequently","Sales",6,3,2,"Male",2,2,4,"H","N",3,3,"Y","Sales Executive",4682,4317,3,"No",14,3,0,"H",9,"Y",2,7,7,0,1,67
27,"Travel_Rarely","Research & Development",12,3,2,"Female",3,1,4,"L","Y",2,1,"Y","Research and Design Specialists",2318,17808,4,"No",19,3,0,"L",1,"Y",3,1,1,0,0,64
25,"Travel_Rarely","Sales",25,3,1,"Male",2,2,1,"L","N",1,3,"N","Sales Executive",8639,24835,2,"No",18,4,0,"L",6,"N",3,2,2,2,2,29
59,"Travel_Rarely","Research & Development",20,3,3,"Male",2,1,2,"H","Y",3,3,"Y","Research and Design Specialists",2177,8456,3,"No",17,1,1,"L",7,"Y",3,1,0,0,0,59
40,"Travel_Rarely","Production",19,4,1,"Male",3,1,2,"L","Y",2,1,"Y","Machinists ",2406,4060,3,"No",19,3,2,"L",8,"Y",2,1,0,0,0,72
39,"Travel_Rarely","Sales",6,5,1,"Male",4,3,2,"L","Y",2,3,"Y","Sales Executive",7880,2560,7,"No",18,4,0,"H",9,"Y",3,8,7,0,7,72
31,"Travel_Frequently","Sales",12,3,3,"Female",2,1,2,"L","N",3,2,"N","Customercare Representative",2785,11882,1,"No",14,3,0,"H",3,"N",4,1,0,0,0,49
47,"Travel_Rarely","Research & Development",10,3,1,"Male",3,3,4,"L","Y",1,2,"Y","Customercare Representative",8633,13084,3,"No",23,2,0,"L",25,"Y",3,17,14,12,11,64
35,"Travel_Rarely","Production",8,2,3,"Male",2,1,4,"L","N",3,2,"Y","Machinists ",2690,7713,5,"No",18,4,1,"H",1,"Y",2,1,0,0,1,64
31,"Travel_Frequently","Research & Development",10,3,1,"Male",3,3,1,"L","N",2,2,"Y","Customercare Representative",9824,22908,3,"No",12,1,0,"L",12,"N",3,1,0,0,0,34
43,"Travel_Frequently","Production",21,3,4,"Male",3,1,4,"H","N",2,3,"Y","Machinists ",2258,15238,7,"No",20,1,1,"H",8,"Y",3,3,2,1,2,64
55,"Travel_Rarely","Finance",12,3,1,"Male",3,2,4,"L","Y",3,2,"Y","Accountant",8618,9480,2,"Yes",15,4,1,"L",8,"Y",2,3,6,3,5,73
39,"Travel_Rarely","Sales",20,4,2,"Male",3,4,4,"L","Y",2,3,"Y","Sales Executive",13341,25098,6,"No",12,1,0,"L",21,"Y",3,20,8,11,10,80
34,"Travel_Rarely","Research & Development",7,2,4,"Female",3,1,1,"L","N",2,1,"N","Research and Design Specialists",2311,5711,2,"No",15,4,0,"L",9,"N",3,3,2,1,2,31
32,"Travel_Frequently","Sales",20,3,2,"Female",3,3,1,"H","N",2,2,"N","Sales Executive",8998,15589,1,"No",14,4,0,"L",9,"Y",3,9,8,3,7,58
49,"Travel_Frequently","Sales",17,3,4,"Male",2,2,1,"L","N",3,1,"N","Sales Executive",5390,13243,9,"No",14,4,0,"L",17,"N",2,9,6,0,8,47
44,"Travel_Rarely","Research & Development",11,4,1,"Female",2,3,1,"H","N",2,2,"Y","Customercare Representative",10248,2094,3,"No",14,4,1,"L",24,"Y",3,22,6,5,17,58
42,"Travel_Rarely","Research & Development",9,3,1,"Male",3,5,2,"L","Y",2,3,"Y","Manager",18880,17312,7,"No",11,1,0,"L",24,"Y",2,22,6,4,14,62
34,"Travel_Frequently","Production",21,3,1,"Male",1,2,2,"L","N",2,1,"Y","Machinists ",6074,22887,1,"Yes",24,4,0,"L",9,"N",3,9,7,0,6,32
26,"Travel_Rarely","Finance",17,3,1,"Male",3,3,2,"L","Y",2,3,"N","Accountant",8281,9109,7,"No",19,2,1,"L",9,"N",1,9,6,2,5,75
34,"Travel_Rarely","Finance",10,3,1,"Male",2,2,2,"L","Y",2,1,"Y","Accountant",8175,8993,2,"No",20,1,0,"H",8,"N",1,9,5,3,6,61
29,"Travel_Rarely","Production",13,5,2,"Male",2,1,2,"H","N",3,3,"Y","Machinists ",3983,7621,0,"No",17,3,0,"L",4,"Y",3,3,2,2,2,52
44,"Travel_Rarely","Research & Development",14,3,4,"Male",3,1,1,"H","Y",2,3,"Y","Research and Design Specialists",3420,21158,8,"No",13,3,0,"H",6,"Y",2,5,2,1,3,55
37,"Travel_Frequently","Finance",2,3,2,"Female",3,2,2,"L","Y",2,3,"Y","Accountant",8861,9747,2,"No",19,2,0,"L",5,"Y",3,5,2,2,2,80
53,"Travel_Rarely","Research & Development",25,4,4,"Female",3,4,2,"L","N",3,3,"Y","Research Director",14275,20206,6,"No",18,3,0,"L",33,"N",3,12,9,3,8,48
53,"Travel_Rarely","Sales",11,1,4,"Female",3,2,4,"H","N",2,3,"Y","Sales Executive",8381,7507,4,"No",20,4,0,"L",18,"Y",4,14,7,8,10,64
27,"Travel_Frequently","Research & Development",24,3,4,"Female",2,1,2,"L","Y",2,2,"Y","Research and Design Specialists",4774,23844,1,"No",19,4,1,"H",8,"Y",2,7,6,7,3,60
40,"Travel_Rarely","Research & Development",16,2,1,"Male",3,2,1,"H","N",3,3,"Y","Research and Design Specialists",3319,24447,1,"No",17,1,2,"L",9,"Y",3,9,8,4,7,58
38,"Travel_Rarely","Sales",3,3,1,"Male",2,1,2,"L","Y",2,3,"Y","Sales Representative",2858,11473,5,"No",14,1,0,"L",20,"Y",2,1,0,0,0,54
47,"Travel_Rarely","Finance",6,4,2,"Male",3,2,2,"L","Y",2,2,"N","Accountant",9040,9944,6,"No",20,2,1,"L",10,"N",1,3,5,2,5,65
28,"Travel_Rarely","Production",23,2,1,"Male",3,1,2,"H","N",2,3,"N","Machinists ",2207,22482,2,"No",16,4,1,"L",4,"N",2,4,2,2,2,36
55,"Travel_Rarely","Sales",9,3,1,"Male",4,2,3,"L","Y",3,3,"Y","IT specialists",6996,7696,9,"Yes",19,3,1,"H",10,"Y",3,5,4,1,5,84
26,"Travel_Rarely","Human Resources",15,2,4,"Female",3,1,1,"L","N",2,1,"N","Human Resources",2148,6889,7,"Yes",11,3,0,"H",6,"N",3,5,1,1,4,38
48,"Travel_Frequently","Research & Development",25,5,3,"Male",2,4,2,"L","Y",2,3,"Y","Manager",15202,5602,7,"No",25,2,1,"L",23,"Y",3,2,2,2,2,68
50,"Travel_Rarely","Finance",21,3,1,"Female",2,3,1,"L","Y",2,3,"Y","Accountant",8687,9556,2,"No",15,4,1,"H",5,"N",1,8,5,3,2,67
28,"Travel_Rarely","Finance",3,3,2,"Male",2,3,2,"L","N",3,1,"Y","Accountant",9954,10949,8,"No",18,4,1,"L",9,"Y",3,4,3,2,7,42
31,"Travel_Rarely","Research & Development",2,4,3,"Female",3,3,2,"H","Y",3,2,"Y","Manufacturing Director",7143,25713,1,"Yes",14,3,0,"L",11,"Y",2,11,9,4,10,60
29,"Travel_Rarely","Research & Development",24,3,1,"Male",3,2,4,"L","Y",2,3,"N","Customercare Representative",5373,6225,6,"No",12,1,1,"L",6,"Y",2,5,3,0,2,74
26,"Travel_Rarely","Finance",5,3,2,"Male",2,3,2,"L","N",2,1,"Y","Accountant",8999,9899,6,"No",20,4,1,"L",10,"N",2,4,2,1,2,42
29,"Travel_Rarely","Production",8,3,2,"Female",3,1,2,"H","N",3,2,"N","Machinists ",3339,17285,5,"Yes",13,1,2,"H",10,"N",3,7,7,7,7,30
46,"Travel_Rarely","Finance",1,4,1,"Female",2,2,1,"L","N",2,3,"N","Accountant",9246,10171,9,"Yes",16,2,0,"H",7,"N",1,2,3,2,7,26
28,"Travel_Rarely","Sales",16,3,2,"Female",3,1,4,"L","Y",2,2,"Y","Sales Representative",2856,3692,6,"No",19,4,1,"H",1,"Y",3,1,0,0,0,63
25,"Travel_Rarely","Sales",9,1,3,"Female",3,2,2,"L","N",3,1,"Y","Sales Executive",6180,22807,3,"No",23,2,0,"L",6,"N",2,6,5,1,4,44
36,"Travel_Rarely","Sales",22,4,1,"Female",3,2,4,"L","N",2,3,"Y","Sales Executive",9278,20763,5,"Yes",16,4,0,"H",15,"Y",3,5,4,0,1,67
41,"Travel_Rarely","Human Resources",1,3,4,"Male",2,5,4,"H","N",3,3,"Y","Manager",19189,19562,7,"No",12,2,1,"L",22,"Y",3,22,7,2,10,65
42,"Travel_Rarely","Finance",16,3,2,"Male",2,2,2,"L","Y",2,1,"Y","Accountant",8989,9888,4,"Yes",18,4,1,"H",10,"N",1,7,3,2,3,71
22,"Travel_Rarely","Research & Development",14,1,3,"Male",3,1,2,"L","N",2,3,"N","Research and Design Specialists",2323,11992,1,"No",24,1,2,"L",2,"N",3,2,2,2,2,45
29,"Travel_Rarely","Research & Development",25,1,3,"Female",1,2,2,"L","N",1,2,"Y","Customercare Representative",9715,7288,9,"No",13,3,1,"H",9,"Y",3,7,7,0,7,59
35,"Travel_Rarely","Sales",2,3,1,"Female",3,2,3,"H","N",3,3,"Y","Sales Executive",4859,6698,1,"No",16,4,0,"H",5,"Y",3,5,4,0,3,71
28,"Travel_Rarely","Sales",23,3,3,"Male",2,2,1,"H","Y",1,3,"N","Sales Executive",4724,24232,5,"No",11,3,1,"L",5,"N",3,5,3,0,4,38
42,"Travel_Frequently","Sales",21,3,3,"Male",3,4,2,"L","Y",3,3,"Y","Sales Executive",13758,2447,7,"Yes",12,2,0,"L",22,"N",2,21,9,13,14,44
60,"Travel_Frequently","Sales",18,3,3,"Female",2,3,2,"L","N",2,2,"Y","Sales Executive",10266,2845,4,"No",19,4,0,"L",22,"N",4,18,13,13,11,33
40,"Travel_Rarely","Finance",24,3,2,"Male",2,3,1,"L","Y",3,2,"Y","Accountant",9106,10017,7,"Yes",20,4,1,"L",8,"Y",3,9,2,1,3,66
37,"Travel_Rarely","Sales",19,3,4,"Male",3,2,3,"H","N",1,3,"Y","Sales Executive",9602,3010,8,"Yes",11,3,1,"H",17,"Y",2,3,0,1,0,75
30,"Travel_Rarely","Sales",14,1,4,"Male",3,2,2,"H","N",2,2,"Y","Sales Executive",5301,2939,3,"No",15,3,2,"H",4,"Y",2,2,1,2,2,54
34,"Travel_Frequently","Finance",11,3,1,"Female",2,2,2,"H","N",3,3,"Y","Accountant",8634,9497,3,"No",20,4,1,"L",8,"N",2,4,3,1,7,37
31,"Travel_Frequently","Sales",6,4,1,"Female",3,3,2,"L","Y",3,3,"N","Sales Executive",9637,8277,4,"No",14,4,2,"H",9,"Y",3,3,2,2,2,62
25,"Travel_Rarely","Production",22,1,4,"Male",3,1,1,"H","Y",1,3,"N","Machinists ",3669,9075,5,"No",11,3,3,"H",7,"N",2,3,2,1,2,35
35,"Travel_Frequently","IT_Suppport",6,4,4,"Female",4,2,2,"L","N",2,2,"N","Accountant",NA,6582,6,"No",22,2,1,"L",1,"Y",3,1,0,0,0,73
30,"Travel_Rarely","Sales",25,3,2,"Male",2,2,1,"L","N",2,3,"Y","Sales Executive",9714,5323,8,"No",11,4,1,"L",10,"N",3,10,8,6,7,32
22,"Travel_Frequently","Production",7,1,3,"Male",2,1,1,"H","N",2,3,"N","Machinists ",3894,9129,5,"No",16,3,0,"L",4,"Y",3,2,2,1,2,58
41,"Travel_Rarely","Sales",7,2,4,"Male",3,3,2,"L","N",1,1,"Y","Sales Executive",7082,11591,9,"Yes",16,4,0,"L",21,"N",3,2,0,0,2,41
22,"Travel_Rarely","Research & Development",16,1,2,"Female",3,2,1,"H","N",2,3,"N","Manufacturing Director",4171,10022,6,"Yes",19,1,1,"L",4,"N",4,3,2,0,2,26
33,"Travel_Rarely","Research & Development",13,5,1,"Female",4,4,4,"H","N",2,2,"Y","Research Director",16184,22578,4,"No",19,3,1,"H",10,"Y",3,6,1,0,5,64
35,"Travel_Rarely","Sales",19,3,3,"Male",3,2,1,"L","Y",3,2,"N","Sales Executive",5813,13492,3,"Yes",18,4,0,"H",10,"N",3,10,7,7,7,38
31,"Travel_Rarely","Research & Development",12,2,3,"Male",3,2,2,"H","Y",3,3,"Y","Customercare Representative",6833,17089,5,"Yes",12,4,0,"L",6,"Y",2,6,5,0,1,68
34,"Travel_Frequently","IT_Suppport",7,1,4,"Female",2,2,2,"L","N",1,1,"N","Manager",5800,6380,8,"No",19,1,1,"H",7,"N",3,2,6,1,4,72
33,"Travel_Rarely","Research & Development",20,3,1,"Male",2,1,1,"L","N",3,3,"N","Research and Design Specialists",2313,2993,1,"Yes",20,2,0,"L",5,"N",3,2,2,2,2,31
54,"Travel_Frequently","Research & Development",6,4,2,"Female",3,4,4,"L","N",3,1,"Y","Manager",16032,24456,7,"No",20,1,1,"H",26,"Y",3,14,9,1,12,82
30,"Travel_Rarely","Research & Development",3,3,1,"Female",3,1,2,"L","N",2,2,"N","Research and Design Specialists",2132,11539,1,"Yes",11,2,0,"L",7,"N",3,5,2,0,1,43
33,"Non-Travel","Sales",5,3,4,"Male",3,4,1,"H","Y",2,1,"Y","Manager",17444,20489,6,"No",11,4,0,"L",10,"Y",3,10,8,6,0,58
22,"Travel_Rarely","Research & Development",22,2,4,"Male",3,1,2,"L","Y",2,2,"Y","Research and Design Specialists",3375,17624,8,"No",12,4,0,"L",4,"Y",4,3,2,1,2,66
22,"Travel_Rarely","Research & Development",15,3,4,"Male",4,1,4,"H","Y",3,3,"Y","Research and Design Specialists",2328,12392,1,"Yes",16,1,1,"H",4,"Y",2,4,2,2,2,64
43,"Travel_Rarely","Research & Development",23,3,1,"Male",3,3,4,"L","Y",1,2,"N","Customercare Representative",7510,16873,4,"No",17,2,1,"L",10,"Y",3,10,9,0,9,65
39,"Travel_Frequently","Research & Development",9,3,1,"Female",3,2,1,"L","N",2,3,"Y","Manufacturing Director",5042,3140,1,"No",13,4,0,"L",10,"Y",1,9,2,3,8,56
31,"Travel_Rarely","Finance",19,4,1,"Male",3,2,1,"L","Y",2,1,"Y","Accountant",8585,9444,6,"No",17,1,0,"L",5,"Y",1,2,4,1,6,52
38,"Travel_Rarely","Research & Development",7,4,2,"Female",4,2,2,"L","N",2,3,"Y","Customercare Representative",7625,19383,7,"No",13,3,0,"L",10,"N",2,9,7,1,8,48
29,"Travel_Rarely","Finance",9,3,2,"Female",3,2,2,"L","Y",3,3,"Y","Accountant",9438,10382,9,"Yes",18,1,0,"L",7,"Y",3,8,2,2,6,70
31,"Travel_Rarely","Research & Development",10,4,3,"Male",3,1,2,"H","Y",3,3,"Y","Research and Design Specialists",2501,18775,1,"No",17,2,0,"H",1,"Y",3,1,1,1,0,61
34,"Travel_Frequently","Production",1,4,4,"Male",3,2,2,"L","Y",1,3,"N","Machinists ",5346,6208,8,"No",17,3,1,"H",11,"N",2,7,1,0,7,41
37,"Travel_Rarely","Research & Development",12,1,3,"Male",3,1,2,"L","N",2,1,"Y","Research and Design Specialists",2996,5182,1,"Yes",15,4,0,"H",8,"Y",3,6,4,1,3,59
33,"Travel_Rarely","Finance",10,4,2,"Female",2,3,1,"L","N",1,3,"Y","Accountant",8359,9195,5,"Yes",15,3,0,"L",6,"N",2,8,4,2,5,32
33,"Travel_Rarely","Production",4,4,2,"Male",3,2,2,"L","Y",1,2,"Y","Machinists ",5207,22949,4,"Yes",12,2,1,"H",15,"Y",3,15,14,5,7,54
58,"Travel_Rarely","Research & Development",3,3,4,"Female",3,5,2,"L","N",3,1,"Y","Research Director",19701,22456,4,"Yes",21,3,1,"H",32,"Y",3,9,8,1,5,70
25,"Travel_Frequently","Sales",3,1,3,"Male",1,1,2,"L","N",1,1,"N","Sales Representative",1118,8040,6,"Yes",14,4,0,"L",1,"Y",3,1,0,1,0,50
36,"Travel_Rarely","Production",8,3,2,"Female",4,1,1,"L","N",2,3,"N","Machinists ",3038,22002,3,"No",12,2,0,"L",5,"Y",3,1,0,0,0,40
59,"Travel_Rarely","Sales",6,3,1,"Female",3,3,1,"H","N",2,2,"Y","Sales Executive",7637,2354,7,"No",11,4,0,"H",28,"N",2,21,16,7,9,68
54,"Travel_Rarely","Research & Development",1,4,1,"Female",3,3,2,"H","N",2,2,"N","Research Director",13549,24001,9,"No",12,1,1,"H",16,"Y",1,4,3,0,3,61
40,"Travel_Rarely","Finance",5,4,1,"Male",3,2,2,"L","Y",2,3,"Y","Accountant",9039,9943,2,"No",15,3,0,"L",7,"N",3,4,2,2,3,84
52,"Travel_Rarely","Finance",13,4,1,"Male",2,3,1,"L","N",2,2,"N","Accountant",8138,8952,5,"Yes",15,4,0,"H",6,"N",3,2,5,2,7,30
44,"Travel_Rarely","Research & Development",18,4,4,"Male",3,2,2,"H","Y",1,3,"Y","Research and Design Specialists",4541,7744,7,"No",25,2,0,"L",20,"Y",3,20,11,13,17,54
33,"Travel_Rarely","Research & Development",15,5,4,"Male",3,2,1,"H","N",2,2,"Y","Customercare Representative",6388,22049,5,"Yes",17,1,0,"H",14,"Y",3,0,0,0,0,58
34,"Travel_Frequently","Research & Development",5,4,4,"Male",2,2,2,"L","N",3,2,"Y","Customercare Representative",5063,15332,9,"No",14,2,1,"H",8,"Y",2,8,2,7,7,52
35,"Travel_Rarely","Production",14,3,2,"Male",4,2,2,"L","N",3,3,"N","Machinists ",3407,25348,5,"No",17,4,2,"H",10,"N",2,10,9,6,8,45
47,"Travel_Rarely","Research & Development",18,2,3,"Female",3,4,2,"H","Y",2,3,"Y","Manager",16752,12982,4,"Yes",11,3,1,"H",26,"Y",2,26,14,3,0,78
30,"Travel_Rarely","Research & Development",3,3,4,"Male",3,1,2,"L","N",1,2,"N","Research and Design Specialists",3579,9369,2,"Yes",21,1,1,"H",12,"N",3,11,9,5,7,49
56,"Travel_Rarely","Production",2,2,1,"Male",3,1,2,"L","Y",2,2,"Y","Machinists ",2587,10261,6,"No",16,4,0,"H",5,"Y",3,4,2,1,0,60
36,"Travel_Rarely","Sales",18,2,2,"Male",2,3,4,"H","N",2,2,"Y","Sales Executive",7596,3809,1,"No",13,2,2,"H",10,"Y",3,10,9,9,0,82
31,"Travel_Rarely","Finance",18,4,1,"Male",3,3,1,"L","N",2,3,"Y","Accountant",8010,8811,5,"No",16,3,0,"H",7,"Y",3,10,7,2,6,29
45,"Travel_Rarely","Production",14,4,4,"Female",3,1,2,"H","Y",3,1,"Y","Machinists ",2270,11005,5,"No",14,4,2,"L",8,"Y",3,5,3,0,2,68
38,"Travel_Frequently","Research & Development",17,4,1,"Male",2,2,3,"L","Y",2,2,"Y","Manufacturing Director",5321,14284,9,"No",11,4,1,"L",10,"Y",3,8,3,7,7,71
48,"Travel_Rarely","Finance",12,4,2,"Female",3,3,2,"L","Y",1,1,"Y","Accountant",8289,9118,9,"Yes",18,3,0,"H",7,"Y",3,8,3,3,5,79
30,"Travel_Rarely","Research & Development",14,2,2,"Female",4,3,2,"H","N",2,3,"Y","Research Director",11416,17802,5,"Yes",12,3,3,"L",9,"N",2,8,7,1,7,49
22,"Travel_Rarely","Production",18,3,2,"Female",3,1,3,"H","N",3,2,"Y","Machinists ",2871,23785,1,"No",15,3,0,"H",1,"Y",3,0,0,0,0,62
44,"Travel_Rarely","Research & Development",4,3,3,"Female",4,3,4,"L","N",2,3,"Y","Customercare Representative",7879,14810,6,"Yes",19,2,1,"L",9,"Y",3,8,7,6,7,63
52,"Travel_Rarely","Research & Development",18,4,3,"Male",2,2,2,"L","N",2,3,"N","Research and Design Specialists",4941,17747,2,"No",15,1,0,"L",11,"N",2,8,2,7,7,43
35,"Travel_Rarely","Finance",16,4,2,"Male",2,3,2,"L","Y",1,1,"Y","Accountant",9662,10628,2,"Yes",19,2,0,"L",7,"Y",1,9,6,3,5,73
35,"Travel_Rarely","Research & Development",9,4,3,"Female",1,1,2,"L","Y",2,3,"Y","Research and Design Specialists",2977,8952,4,"No",12,4,1,"L",4,"Y",3,4,3,1,1,57
45,"Travel_Rarely","Human Resources",18,3,3,"Female",1,3,2,"L","Y",2,2,"Y","Human Resources",9756,6595,9,"No",21,3,2,"L",9,"N",4,5,0,0,3,41
21,"Travel_Frequently","Sales",7,1,1,"Female",2,1,1,"L","N",1,3,"N","Sales Manager",2174,9150,1,"Yes",11,3,0,"L",3,"N",3,3,2,1,2,35
41,"Travel_Rarely","Sales",5,2,2,"Female",3,2,1,"L","N",2,3,"N","Sales Executive",5993,19479,8,"Yes",11,1,0,"L",8,"N",1,6,4,0,5,29
32,"Travel_Rarely","Production",9,3,1,"Female",3,1,1,"H","N",2,1,"Y","Machinists ",4200,10224,7,"No",22,1,0,"L",10,"Y",4,5,4,0,4,51
25,"Travel_Rarely","Research & Development",25,3,1,"Female",3,2,2,"H","N",2,3,"N","Manufacturing Director",4898,7505,0,"No",12,4,2,"H",5,"Y",3,4,2,1,2,68
47,"Travel_Rarely","Research & Development",13,3,3,"Female",2,3,2,"L","Y",1,2,"Y","Manufacturing Director",10333,19271,3,"Yes",12,3,1,"H",28,"N",3,22,11,14,10,48
52,"Travel_Rarely","Sales",7,4,1,"Male",2,3,1,"H","Y",3,3,"Y","IT specialists",10266,11293,3,"No",15,1,1,"H",10,"Y",3,3,2,1,2,70
28,"Travel_Rarely","Research & Development",5,4,3,"Male",3,1,2,"L","N",2,3,"N","Research and Design Specialists",4382,16374,5,"No",17,4,0,"L",5,"N",2,2,2,2,1,30
33,"Travel_Rarely","Sales",20,3,1,"Female",3,2,1,"L","N",2,3,"N","Sales Executive",5324,26507,9,"No",15,3,0,"L",6,"N",3,3,2,0,2,20
38,"Travel_Frequently","Research & Development",3,3,4,"Male",3,2,1,"L","Y",2,2,"N","Research and Design Specialists",4735,9867,3,"No",15,4,2,"L",19,"N",4,13,11,2,9,47
53,"Travel_Rarely","Production",3,4,1,"Male",4,2,4,"L","N",2,1,"Y","Production Supervisors",6318,6950,3,"Yes",20,1,1,"H",6,"Y",3,2,2,2,3,40
35,"Travel_Frequently","Sales",15,4,4,"Female",3,2,2,"L","Y",1,3,"N","Sales Executive",4614,23288,1,"Yes",18,3,1,"H",5,"N",2,4,2,3,2,42
45,"Travel_Rarely","Production",21,3,2,"Male",4,2,2,"L","N",3,3,"N","Production Supervisors",5984,6582,6,"Yes",19,1,1,"H",10,"N",1,7,5,3,3,31
38,"Travel_Rarely","Research & Development",1,4,4,"Male",3,2,1,"H","N",2,3,"Y","Customercare Representative",5745,18899,9,"No",14,2,1,"L",10,"Y",3,2,2,1,2,55
55,"Travel_Rarely","Finance",7,3,1,"Male",2,2,2,"L","Y",2,2,"Y","Accountant",8690,9559,9,"Yes",16,1,1,"H",10,"Y",3,4,6,2,3,74
26,"Travel_Rarely","Sales",14,3,3,"Male",3,2,2,"L","N",1,2,"N","Sales Executive",4684,9125,9,"No",13,1,0,"H",5,"N",3,5,3,1,2,48
25,"Travel_Rarely","Research & Development",9,3,4,"Female",3,1,2,"L","N",2,3,"N","Research and Design Specialists",2096,18830,4,"No",18,4,0,"H",2,"N",2,2,2,2,1,42
46,"Travel_Rarely","Research & Development",11,4,3,"Male",3,2,1,"L","Y",2,3,"N","Customercare Representative",5562,9697,5,"No",14,4,0,"L",19,"N",3,10,7,0,9,47
50,"Travel_Rarely","Research & Development",7,5,4,"Female",2,3,1,"L","Y",2,1,"Y","Research Director",13269,21981,7,"No",15,3,3,"L",19,"N",3,14,11,1,11,38
29,"Travel_Rarely","Research & Development",11,3,4,"Male",3,2,4,"H","N",1,3,"Y","Manufacturing Director",4262,22645,4,"No",12,2,2,"H",8,"Y",4,3,2,1,2,65
54,"Travel_Frequently","Research & Development",7,4,4,"Female",3,2,1,"L","N",2,3,"N","Research and Design Specialists",4869,16885,3,"No",12,4,0,"L",20,"N",2,4,3,0,3,39
44,"Non-Travel","Production",24,3,1,"Male",1,1,2,"L","N",3,3,"N","Machinists ",3708,2104,2,"No",14,3,0,"L",9,"N",3,5,2,1,4,44
26,"Travel_Rarely","Production",20,3,3,"Male",1,1,1,"L","N",2,3,"N","Machinists ",2340,23213,1,"Yes",18,2,0,"L",1,"N",1,1,0,0,0,29
54,"Travel_Rarely","IT_Suppport",7,3,2,"Male",3,2,1,"L","Y",2,3,"Y","IT specialists",6457,7103,7,"No",15,2,0,"L",10,"Y",2,5,2,1,4,72
46,"Travel_Rarely","Research & Development",1,2,4,"Female",3,2,2,"L","Y",3,3,"Y","Customercare Representative",8926,10842,7,"No",22,4,1,"H",13,"N",4,9,7,3,7,30
37,"Travel_Rarely","IT_Suppport",12,4,2,"Female",3,3,4,"H","N",2,3,"Y","IT specialists",8769,9646,9,"No",20,2,0,"H",5,"N",2,8,4,1,6,46
50,"Travel_Rarely","Sales",14,3,3,"Male",3,5,3,"L","N",3,2,"Y","Manager",19331,19519,5,"Yes",16,3,1,"H",27,"Y",3,1,0,0,0,71
27,"Travel_Rarely","Finance",23,4,2,"Male",3,3,2,"L","Y",2,1,"N","Accountant",8894,9783,9,"No",18,4,0,"L",6,"Y",1,2,2,2,4,53
35,"Travel_Rarely","Research & Development",6,1,3,"Male",3,1,1,"L","N",3,3,"N","Research and Design Specialists",3506,6020,3,"Yes",14,4,0,"H",4,"N",3,3,2,2,2,38
18,"Non-Travel","Research & Development",23,2,2,"Male",3,1,2,"H","Y",3,2,"Y","Research and Design Specialists",1051,13493,2,"No",15,4,0,"L",0,"Y",3,0,0,0,0,57
47,"Travel_Frequently","Sales",11,2,2,"Female",4,2,1,"L","N",2,3,"N","Sales Executive",6397,10339,8,"Yes",12,4,0,"L",8,"N",3,5,4,1,3,26
27,"Non-Travel","Sales",21,1,3,"Male",3,2,1,"H","N",2,3,"Y","Sales Executive",6349,22107,0,"Yes",13,4,1,"L",6,"Y",3,5,4,1,4,58
50,"Travel_Rarely","Research & Development",8,3,3,"Female",3,5,2,"L","Y",1,2,"Y","Manager",19926,17053,3,"No",15,2,0,"L",21,"N",3,5,4,4,4,49
31,"Travel_Rarely","IT_Suppport",14,4,1,"Female",3,5,4,"H","Y",1,2,"Y","IT specialists",6786,7465,7,"Yes",20,4,1,"H",10,"Y",3,8,7,1,4,73
36,"Travel_Frequently","Sales",4,2,2,"Female",3,3,1,"L","N",2,2,"Y","Sales Executive",9738,22952,0,"No",14,3,1,"L",10,"Y",3,9,7,2,8,50
27,"Travel_Rarely","Finance",16,3,2,"Male",2,3,2,"L","N",2,3,"Y","Accountant",8254,9079,6,"Yes",18,3,1,"H",8,"N",3,7,2,3,3,37
50,"Travel_Rarely","Research & Development",11,3,4,"Female",3,4,2,"L","Y",2,3,"Y","Research Director",16880,22422,6,"Yes",11,2,0,"H",25,"N",3,3,2,1,2,45
35,"Travel_Rarely","Research & Development",13,4,1,"Female",3,2,2,"H","Y",2,2,"Y","Customercare Representative",6142,4223,4,"Yes",16,3,0,"H",10,"Y",3,5,2,0,4,57
32,"Travel_Rarely","Sales",12,4,2,"Female",3,1,4,"H","Y",3,3,"Y","IT specialists",10642,11706,8,"Yes",16,3,1,"L",6,"Y",3,4,6,1,4,65
53,"Travel_Rarely","Sales",4,4,1,"Female",2,4,2,"H","N",2,2,"Y","Manager",15427,22021,2,"No",16,3,0,"H",31,"Y",3,25,8,3,7,68
32,"Travel_Frequently","Sales",23,2,2,"Male",3,2,4,"L","Y",2,1,"Y","Sales Executive",6524,8891,3,"No",14,4,1,"L",10,"Y",3,10,8,5,3,69
34,"Travel_Frequently","Research & Development",21,4,4,"Male",3,1,2,"H","N",1,3,"Y","Research and Design Specialists",2996,20284,4,"No",14,3,2,"H",10,"Y",3,4,3,1,3,73
43,"Non-Travel","Research & Development",14,3,4,"Male",4,1,4,"H","Y",3,3,"Y","Research and Design Specialists",2089,5228,4,"No",14,4,3,"H",7,"Y",4,5,4,2,2,64
41,"Travel_Rarely","Research & Development",11,3,4,"Male",2,2,2,"L","N",2,3,"Y","Manufacturing Director",6032,10110,6,"Yes",15,4,0,"L",8,"N",3,5,4,1,2,44
33,"Travel_Rarely","Sales",25,5,4,"Male",4,3,4,"L","Y",1,3,"Y","Sales Executive",8380,21708,5,"Yes",14,4,2,"L",10,"Y",3,9,8,0,8,79
42,"Travel_Rarely","Finance",10,3,1,"Male",3,2,2,"L","Y",2,1,"N","Accountant",9438,10382,7,"Yes",18,2,0,"L",9,"N",2,3,2,1,6,56
28,"Travel_Rarely","Production",20,4,4,"Male",2,1,1,"L","Y",3,2,"Y","Machinists ",3196,12449,8,"No",12,3,3,"L",6,"Y",3,6,5,3,3,58
34,"Travel_Frequently","Sales",16,4,3,"Female",3,1,2,"H","N",3,3,"Y","Sales Representative",2231,11314,6,"No",18,4,1,"H",6,"Y",3,4,3,1,2,66
47,"Travel_Rarely","Sales",7,4,4,"Female",2,1,1,"H","Y",3,3,"Y","Sales Representative",3294,13137,5,"Yes",18,1,0,"L",3,"Y",2,3,2,1,2,51
33,"Travel_Frequently","Sales",23,3,4,"Female",3,2,1,"H","Y",2,3,"Y","Sales Executive",4302,13401,5,"No",17,3,1,"L",4,"Y",3,3,2,0,2,58
43,"Travel_Rarely","Sales",9,3,4,"Female",3,4,1,"L","N",2,2,"Y","Manager",16064,7744,5,"Yes",22,3,1,"L",22,"N",3,17,13,1,9,34
40,"Non-Travel","Production",18,4,3,"Male",3,2,4,"L","N",2,2,"Y","Machinists ",3975,23099,3,"No",11,3,2,"H",11,"Y",4,8,7,0,7,65
55,"Travel_Rarely","Production",11,2,2,"Male",3,2,2,"L","N",2,3,"N","Machinists ",5415,15972,3,"Yes",19,4,1,"L",12,"N",3,10,7,0,8,42
53,"Travel_Rarely","Research & Development",21,4,2,"Male",4,3,1,"L","Y",2,3,"Y","Customercare Representative",7005,3458,4,"No",15,3,0,"L",11,"N",3,4,3,1,2,29
37,"Travel_Rarely","Research & Development",14,2,1,"Female",1,2,2,"H","N",1,3,"N","Customercare Representative",4777,14382,4,"No",15,1,0,"L",15,"N",1,1,0,0,0,7
36,"Travel_Frequently","Production",22,4,3,"Male",4,1,1,"L","Y",2,1,"N","Machinists ",3688,7122,4,"No",18,4,2,"L",4,"N",3,1,0,0,0,35
40,"Travel_Rarely","Production",9,4,4,"Male",3,1,2,"L","N",2,3,"N","Machinists ",2018,21831,7,"No",14,2,0,"L",15,"N",1,5,4,1,0,17
41,"Travel_Rarely","Research & Development",15,2,2,"Female",4,1,4,"L","Y",2,1,"Y","Research and Design Specialists",3376,18863,1,"No",13,3,0,"H",10,"Y",3,10,6,0,8,82
29,"Travel_Rarely","Human Resources",2,3,1,"Male",2,1,2,"L","N",1,3,"N","Human Resources",2335,3157,1,"Yes",15,4,3,"L",4,"N",3,2,2,2,0,24
31,"Travel_Rarely","Sales",16,2,1,"Male",3,1,4,"L","Y",2,3,"Y","Sales Representative",3067,6393,3,"No",19,3,1,"L",3,"Y",3,2,2,1,2,80
40,"Travel_Rarely","Finance",7,3,2,"Male",2,2,1,"L","Y",2,3,"Y","Accountant",8835,9719,9,"No",20,2,0,"L",7,"N",2,8,7,3,7,74
35,"Travel_Rarely","Finance",3,3,1,"Male",2,3,2,"H","N",1,1,"Y","Accountant",6722,7394,1,"No",18,1,1,"L",7,"N",3,2,2,2,5,25
56,"Travel_Frequently","Research & Development",20,3,1,"Female",3,1,1,"L","N",2,2,"N","Research and Design Specialists",2942,12154,2,"No",19,2,1,"L",18,"N",3,5,4,0,3,35
30,"Travel_Frequently","Research & Development",22,3,3,"Male",3,1,1,"L","N",2,2,"N","Research and Design Specialists",2285,3427,9,"Yes",23,3,0,"L",3,"N",3,1,0,0,0,26
29,"Travel_Rarely","Finance",6,3,2,"Female",3,2,2,"L","N",3,1,"Y","IT specialists",10399,11439,9,"No",16,1,0,"L",6,"N",1,6,4,1,3,36
42,"Travel_Rarely","IT_Suppport",2,3,2,"Male",2,3,1,"L","N",3,3,"N","IT specialists",5319,5851,5,"Yes",18,3,0,"L",9,"N",3,3,5,2,2,28
32,"Travel_Rarely","Research & Development",5,2,4,"Female",2,2,4,"L","Y",2,2,"Y","Research and Design Specialists",5878,15624,2,"No",12,1,1,"H",12,"Y",3,7,1,2,5,74
21,"Travel_Rarely","Production",24,3,3,"Female",2,1,2,"L","N",2,3,"N","Machinists ",1416,17258,7,"No",13,1,0,"L",1,"N",2,1,0,1,0,30
38,"Non-Travel","Sales",17,3,3,"Female",3,2,4,"L","Y",2,2,"Y","Sales Executive",5666,19899,9,"Yes",13,2,0,"L",6,"Y",3,5,3,1,3,63
59,"Non-Travel","Human Resources",21,4,3,"Female",2,5,2,"L","N",2,2,"Y","Manager",18844,21922,9,"No",21,4,1,"L",30,"Y",3,3,2,2,2,40
50,"Travel_Rarely","Production",13,3,1,"Male",3,1,2,"H","Y",3,2,"Y","Machinists ",2380,20165,7,"No",18,2,0,"H",8,"Y",3,1,0,0,0,78
25,"Travel_Rarely","Sales",8,2,3,"Male",2,1,1,"H","N",1,1,"N","Sales Representative",2413,18798,8,"Yes",18,3,3,"L",1,"N",3,1,0,0,0,23
39,"Travel_Rarely","Finance",21,3,2,"Male",3,2,2,"L","Y",2,2,"Y","Accountant",9343,10277,1,"No",20,2,1,"L",9,"Y",1,10,6,2,3,67
54,"Travel_Rarely","Research & Development",8,5,2,"Female",3,4,1,"L","Y",1,2,"Y","Manager",17426,18685,8,"No",25,3,1,"L",36,"N",3,10,8,4,7,40
33,"Travel_Frequently","Research & Development",17,4,4,"Female",3,3,2,"H","N",2,2,"Y","Manager",11878,23364,6,"No",11,2,2,"H",12,"Y",3,10,6,8,8,72
23,"Travel_Rarely","Research & Development",2,2,4,"Male",3,1,2,"H","N",1,1,"Y","Research and Design Specialists",1223,16901,1,"No",22,4,1,"L",1,"Y",3,1,0,0,1,72
19,"Travel_Rarely","Research & Development",7,3,2,"Female",4,1,1,"H","N",2,2,"N","Research and Design Specialists",2994,21221,3,"Yes",12,4,0,"H",1,"N",3,1,0,0,1,34
43,"Travel_Frequently","Research & Development",6,3,2,"Female",4,1,2,"H","N",2,3,"Y","Research and Design Specialists",4739,16090,4,"No",12,4,0,"L",18,"Y",3,3,2,1,2,53
31,"Travel_Frequently","Sales",19,4,1,"Male",3,2,1,"L","N",3,1,"N","Sales Executive",5617,21075,2,"Yes",11,3,0,"H",10,"N",3,10,7,0,8,23
36,"Travel_Rarely","Sales",4,4,2,"Female",2,2,2,"L","N",2,1,"N","Sales Executive",5673,6060,8,"Yes",13,1,1,"H",10,"N",3,10,9,1,7,43
40,"Travel_Frequently","Production",14,4,1,"Female",2,4,1,"L","N",1,3,"Y","Production Supervisors",6377,7015,2,"Yes",18,4,0,"L",6,"N",1,10,7,2,7,39
38,"Travel_Rarely","Sales",3,3,3,"Male",3,2,3,"H","N",2,3,"Y","Sales Executive",9924,12355,6,"No",11,4,1,"H",10,"Y",3,9,8,7,7,76
31,"Travel_Frequently","Sales",24,3,4,"Female",3,1,2,"H","N",3,3,"Y","Sales Representative",2789,3909,1,"No",11,3,1,"H",2,"Y",2,2,2,2,2,62
25,"Travel_Rarely","Sales",3,4,1,"Male",3,5,1,"H","N",2,3,"N","IT specialists",5874,6461,7,"Yes",18,2,1,"H",9,"N",1,10,4,3,7,50
23,"Travel_Rarely","Production",2,3,3,"Male",4,1,2,"H","Y",2,2,"Y","Machinists ",1601,3445,1,"Yes",21,3,2,"L",1,"Y",3,0,0,0,0,52
33,"Travel_Rarely","Research & Development",9,3,3,"Male",3,3,2,"H","Y",3,3,"Y","Research Director",11691,25995,2,"No",11,4,0,"L",14,"Y",4,13,9,3,7,68
29,"Travel_Rarely","Finance",21,3,2,"Male",2,3,2,"L","N",1,3,"Y","Accountant",9492,10441,8,"Yes",17,4,0,"L",8,"Y",1,8,5,2,5,49
31,"Travel_Rarely","Research & Development",21,4,3,"Male",2,1,4,"H","N",1,1,"Y","Research and Design Specialists",2657,7551,0,"Yes",16,4,0,"H",3,"Y",3,2,2,2,2,65
29,"Travel_Rarely","Research & Development",3,3,3,"Male",3,1,4,"H","Y",3,2,"Y","Research and Design Specialists",2703,4956,0,"No",23,4,1,"L",6,"Y",3,5,4,0,4,52
33,"Travel_Frequently","Research & Development",9,4,1,"Female",2,2,2,"H","N",3,1,"N","Research and Design Specialists",4508,3129,8,"No",22,2,0,"L",14,"N",3,13,7,3,8,36
35,"Travel_Rarely","Production",22,4,4,"Male",3,1,1,"L","Y",3,2,"N","Machinists ",2660,20232,8,"Yes",11,3,1,"L",5,"Y",3,2,2,2,2,51
33,"Travel_Rarely","Research & Development",18,1,2,"Male",3,3,1,"L","N",1,2,"Y","Manager",13610,24619,7,"Yes",12,4,0,"L",15,"N",4,7,6,7,7,22
48,"Travel_Rarely","Finance",6,4,1,"Male",3,2,1,"L","N",3,1,"N","Accountant",9157,10073,5,"No",20,3,1,"H",6,"N",2,3,2,3,3,26
51,"Travel_Rarely","Finance",4,3,2,"Female",3,3,2,"H","Y",3,1,"Y","Accountant",8694,9563,2,"Yes",16,1,1,"L",10,"Y",3,6,5,3,7,85
31,"Travel_Rarely","Finance",21,3,1,"Male",2,3,2,"L","Y",2,2,"N","Accountant",9556,10512,5,"Yes",16,2,1,"L",9,"Y",2,7,7,2,2,58
30,"Travel_Rarely","Production",18,2,4,"Male",2,1,2,"L","N",2,3,"N","Machinists ",2206,16117,1,"No",13,1,0,"L",10,"Y",3,10,0,1,8,50
54,"Travel_Rarely","Research & Development",25,3,3,"Female",3,3,2,"H","Y",2,1,"Y","Manufacturing Director",10739,13943,5,"No",11,3,1,"L",22,"Y",3,10,7,0,8,54
30,"Travel_Rarely","Research & Development",8,3,3,"Male",3,2,2,"H","N",3,3,"Y","Manufacturing Director",9957,9096,9,"No",15,3,1,"L",7,"N",2,6,2,0,2,45
40,"Travel_Frequently","Research & Development",17,4,2,"Female",3,3,2,"L","Y",3,1,"Y","Research Director",13499,13782,7,"No",17,3,0,"L",20,"Y",2,18,7,2,13,59
31,"Travel_Frequently","Production",10,3,3,"Male",3,1,1,"L","Y",1,1,"N","Machinists ",2610,6233,9,"No",12,3,1,"L",2,"N",2,2,2,2,2,29
31,"Travel_Rarely","Production",12,1,4,"Female",1,1,2,"L","Y",2,3,"Y","Machinists ",1129,17536,2,"Yes",11,3,3,"L",1,"Y",3,1,0,0,0,61
35,"Travel_Rarely","Production",25,3,4,"Female",2,2,4,"H","Y",2,3,"Y","Machinists ",5363,10846,9,"No",12,2,1,"L",10,"Y",3,9,7,0,0,82
26,"Travel_Rarely","Finance",9,3,2,"Female",3,3,2,"L","N",2,1,"Y","Accountant",8829,9712,7,"No",17,4,1,"H",10,"N",1,7,4,2,2,35
27,"Travel_Rarely","Research & Development",9,4,1,"Female",3,2,2,"H","Y",2,3,"Y","Manufacturing Director",4227,4658,1,"No",18,2,1,"L",4,"Y",3,3,2,2,2,53
49,"Travel_Rarely","Production",3,2,3,"Female",2,2,4,"H","N",2,2,"Y","Machinists ",4789,23070,1,"No",25,1,1,"H",10,"Y",3,3,2,1,2,69
34,"Non-Travel","Sales",18,4,2,"Male",3,2,2,"L","N",2,3,"N","Sales Executive",4568,10034,0,"No",20,3,0,"L",10,"N",3,9,5,8,7,42
28,"Travel_Rarely","Research & Development",8,1,3,"Male",1,2,1,"L","N",2,1,"Y","Manufacturing Director",6549,3173,3,"No",14,2,2,"L",8,"N",2,8,6,1,7,39
37,"Non-Travel","Research & Development",25,4,1,"Female",3,3,1,"H","N",2,2,"Y","Research Director",13603,11677,2,"Yes",18,1,2,"L",15,"Y",3,5,2,0,2,55
30,"Non-Travel","Research & Development",14,3,3,"Male",3,1,1,"H","Y",2,3,"Y","Research and Design Specialists",1274,7152,2,"No",13,2,2,"H",1,"Y",2,1,0,0,0,51
43,"Travel_Frequently","Research & Development",23,3,3,"Female",3,3,1,"L","N",2,2,"Y","Manufacturing Director",10820,11535,9,"No",11,3,1,"L",18,"N",3,8,7,0,1,38
37,"Travel_Rarely","Research & Development",13,2,2,"Male",3,1,2,"L","N",2,3,"N","Research and Design Specialists",3022,10227,4,"No",21,1,0,"L",8,"Y",3,1,0,0,0,47
37,"Travel_Frequently","Sales",17,4,1,"Male",3,1,2,"H","N",3,3,"N","Sales Manager",2793,2539,4,"No",17,3,1,"L",13,"Y",3,9,8,5,8,59
41,"Travel_Frequently","Sales",25,3,1,"Male",3,2,2,"L","Y",3,3,"Y","Sales Executive",9355,9558,1,"No",18,3,0,"L",8,"N",3,8,7,7,7,45
44,"Travel_Rarely","Production",2,3,1,"Male",3,1,2,"L","N",1,2,"N","Machinists ",2362,14669,3,"No",12,3,0,"H",10,"N",4,3,2,1,2,24
35,"Travel_Rarely","Production",15,2,1,"Male",2,2,2,"L","N",1,3,"N","Machinists ",3681,14004,2,"No",14,4,0,"L",9,"N",3,3,2,0,2,43
40,"Travel_Rarely","Research & Development",16,1,4,"Female",2,1,2,"L","N",2,1,"N","Research and Design Specialists",2342,22929,4,"Yes",20,4,0,"L",5,"N",2,4,2,2,3,48
46,"Travel_Rarely","Research & Development",7,4,4,"Male",3,5,1,"H","Y",1,2,"Y","Research Director",19627,21445,1,"No",17,4,2,"L",23,"Y",3,2,2,2,2,56
55,"Travel_Rarely","Research & Development",14,3,4,"Male",3,5,1,"L","N",2,2,"Y","Manager",19859,21199,7,"Yes",13,4,1,"L",24,"N",3,5,2,1,4,32
45,"Travel_Rarely","Finance",21,4,1,"Male",3,3,2,"L","N",3,2,"N","Accountant",8140,8954,1,"Yes",18,3,0,"H",9,"Y",1,8,2,1,6,32
38,"Travel_Frequently","Production",19,3,1,"Female",2,2,4,"L","N",2,1,"Y","Production Supervisors",6648,7313,4,"No",20,4,0,"L",5,"Y",2,6,5,2,5,36
35,"Travel_Rarely","Production",19,3,2,"Male",3,3,3,"L","N",2,3,"Y","Production Supervisors",6854,7539,6,"No",19,1,1,"H",7,"N",3,2,6,1,4,31
41,"Travel_Rarely","Sales",2,1,3,"Male",3,3,2,"H","N",2,2,"Y","Sales Executive",8189,21196,3,"Yes",13,3,1,"H",12,"Y",3,9,7,0,7,68
42,"Travel_Frequently","Production",22,4,1,"Male",4,2,3,"L","N",2,1,"Y","Production Supervisors",7413,8896,2,"No",15,2,1,"L",8,"N",3,2,2,1,4,34
34,"Non-Travel","Sales",1,3,1,"Male",4,2,1,"L","N",2,2,"N","Sales Executive",5304,4652,8,"Yes",13,2,0,"L",9,"N",2,5,2,0,4,39
39,"Travel_Rarely","Finance",25,3,1,"Male",2,2,1,"L","N",2,2,"Y","Accountant",9923,10915,2,"No",15,3,0,"L",8,"N",1,6,5,3,6,48
35,"Travel_Rarely","Sales",3,4,3,"Female",3,2,2,"L","Y",2,1,"Y","Sales Executive",5204,13586,2,"Yes",11,4,0,"L",10,"Y",3,10,8,0,9,52
51,"Travel_Rarely","Research & Development",3,3,4,"Female",3,4,4,"H","N",2,2,"Y","Customercare Representative",13734,7192,3,"No",18,3,0,"H",21,"Y",3,7,7,1,0,74
32,"Travel_Rarely","IT_Suppport",2,3,1,"Male",4,4,4,"L","N",1,1,"Y","IT specialists",6861,7547,7,"No",18,4,1,"H",7,"N",3,3,4,2,5,37
32,"Travel_Rarely","Production",18,4,1,"Male",3,1,1,"H","N",2,2,"N","Machinists ",2795,18016,7,"Yes",24,3,0,"L",1,"N",1,1,0,0,1,23
48,"Travel_Rarely","Sales",13,3,3,"Male",3,2,4,"H","N",2,3,"Y","Sales Executive",5486,24795,5,"No",11,1,3,"H",15,"Y",3,2,2,2,2,69
51,"Travel_Rarely","Finance",13,4,1,"Female",3,3,1,"H","N",3,1,"Y","Accountant",9741,10715,2,"Yes",18,2,0,"L",8,"N",1,6,5,3,3,29
50,"Travel_Rarely","Research & Development",24,3,4,"Male",3,4,2,"H","Y",2,3,"Y","Manufacturing Director",13973,4161,7,"Yes",18,4,1,"L",22,"Y",3,12,11,1,5,54
40,"Travel_Rarely","Production",23,4,2,"Male",3,1,2,"L","Y",2,2,"Y","Machinists ",2387,6762,5,"No",22,3,1,"L",7,"Y",3,4,2,0,3,68
42,"Travel_Rarely","Production",8,3,2,"Male",1,2,2,"H","N",1,3,"N","Machinists ",4272,9558,7,"No",19,1,0,"L",16,"N",3,1,0,0,0,49
34,"Non-Travel","Research & Development",21,4,4,"Male",1,1,2,"L","N",2,1,"N","Research and Design Specialists",2307,14460,5,"Yes",23,2,1,"L",5,"N",3,5,2,3,0,11
46,"Travel_Rarely","Sales",12,3,3,"Female",3,4,3,"H","N",2,1,"Y","Manager",16606,11380,2,"No",12,4,1,"H",23,"Y",4,13,12,5,1,76
26,"Travel_Frequently","Human Resources",15,4,2,"Female",3,1,1,"L","N",1,3,"N","Human Resources",2741,22808,0,"Yes",11,2,1,"L",8,"N",2,7,7,1,0,37
40,"Travel_Rarely","Sales",9,2,4,"Female",3,2,4,"H","N",2,3,"Y","Sales Executive",5715,22553,7,"No",12,3,2,"H",8,"Y",3,5,4,1,3,74
31,"Travel_Rarely","Finance",24,3,1,"Male",2,3,1,"L","N",2,3,"Y","Accountant",9112,10023,5,"Yes",19,2,0,"H",5,"Y",1,6,2,3,5,35
34,"Travel_Frequently","Research & Development",22,1,1,"Male",3,2,3,"H","Y",1,2,"Y","Customercare Representative",7756,22266,9,"No",17,3,0,"H",7,"Y",2,6,2,0,4,71
55,"Travel_Rarely","Research & Development",9,4,3,"Male",4,5,2,"H","N",2,2,"Y","Research Director",18722,13339,8,"No",11,4,0,"L",36,"Y",3,24,15,2,15,59
50,"Travel_Rarely","Production",25,3,1,"Male",4,4,4,"L","N",2,1,"Y","Production Supervisors",6784,7462,2,"No",18,2,1,"H",5,"N",3,6,3,1,7,34
20,"Travel_Rarely","Research & Development",12,3,4,"Female",2,1,2,"H","N",2,1,"Y","Research and Design Specialists",2836,11757,6,"No",13,4,0,"L",1,"Y",4,1,0,0,0,70
48,"Travel_Rarely","Sales",15,3,1,"Female",3,2,1,"H","Y",2,1,"Y","IT specialists",8597,9457,1,"No",16,2,1,"L",10,"Y",1,10,6,3,4,80
32,"Travel_Rarely","Research & Development",17,3,4,"Male",3,2,4,"L","N",2,2,"Y","Research and Design Specialists",5470,25518,9,"No",13,3,2,"L",10,"Y",2,9,5,1,6,67
53,"Travel_Rarely","Sales",23,4,1,"Male",3,3,2,"L","N",3,3,"Y","Sales Executive",10448,5843,9,"Yes",13,2,0,"H",15,"N",2,2,2,2,2,24
54,"Travel_Rarely","Finance",12,4,1,"Female",3,3,2,"L","Y",2,2,"Y","Accountant",9840,10824,7,"No",16,4,0,"H",8,"N",3,4,7,1,6,80
28,"Travel_Rarely","Research & Development",17,3,4,"Male",3,1,4,"H","Y",2,3,"Y","Research and Design Specialists",2080,4732,5,"No",11,2,0,"L",5,"Y",2,3,2,1,2,63
32,"Travel_Rarely","Finance",2,3,2,"Female",3,2,2,"L","Y",1,2,"Y","Accountant",8538,9392,4,"Yes",15,4,0,"L",5,"N",2,2,7,1,3,77
32,"Non-Travel","Sales",24,1,3,"Female",3,1,2,"H","N",1,2,"N","Sales Representative",2827,14947,1,"No",12,3,3,"L",1,"N",3,1,0,0,0,49
49,"Travel_Rarely","Finance",23,4,2,"Female",3,3,1,"L","Y",1,3,"Y","Accountant",8974,9871,1,"No",18,3,0,"L",5,"N",1,6,2,1,6,61
25,"Travel_Frequently","Research & Development",9,1,4,"Male",4,2,4,"L","N",3,2,"Y","Manufacturing Director",5206,4973,5,"No",17,3,2,"L",7,"Y",3,7,7,0,7,63
28,"Travel_Rarely","Research & Development",15,3,2,"Female",1,2,4,"L","Y",2,2,"Y","Manufacturing Director",4877,20460,1,"No",21,2,1,"L",6,"Y",2,5,3,0,0,65
50,"Travel_Rarely","Research & Development",1,4,2,"Male",3,5,2,"L","Y",1,3,"Y","Research Director",19237,12853,2,"Yes",11,4,1,"H",29,"Y",2,8,1,7,7,78
35,"Travel_Rarely","Sales",9,1,4,"Male",3,1,2,"L","N",3,3,"N","Sales Representative",2404,16192,3,"No",13,1,1,"H",1,"N",3,1,0,0,0,42
53,"Travel_Frequently","Finance",3,3,2,"Female",3,3,2,"L","Y",1,3,"Y","Accountant",9381,10319,9,"No",15,4,0,"L",8,"Y",2,7,7,2,6,76
24,"Travel_Rarely","Research & Development",18,2,2,"Male",2,2,3,"L","Y",2,1,"Y","Customercare Representative",4617,14120,8,"No",12,2,0,"L",4,"Y",2,4,3,1,2,71
55,"Travel_Frequently","Research & Development",9,1,4,"Male",3,3,3,"H","Y",3,1,"Y","Manufacturing Director",10976,15813,2,"No",18,2,1,"H",23,"Y",3,3,2,1,2,75
38,"Travel_Rarely","Human Resources",2,3,3,"Male",4,1,2,"L","Y",2,1,"N","Human Resources",2844,6004,3,"No",13,4,1,"L",7,"N",4,7,6,5,0,49
38,"Travel_Rarely","Research & Development",20,3,3,"Female",3,2,2,"H","N",1,1,"Y","Customercare Representative",9824,22174,9,"No",19,3,1,"L",18,"Y",3,1,0,0,0,52
31,"Non-Travel","Research & Development",2,2,3,"Male",2,1,1,"H","N",2,1,"N","Research and Design Specialists",2321,10322,6,"Yes",22,1,0,"L",4,"N",3,3,2,1,2,47
44,"Travel_Rarely","Finance",17,3,1,"Male",3,2,1,"L","Y",2,2,"Y","Accountant",9721,10693,2,"Yes",17,2,0,"L",10,"N",1,2,4,3,3,55
44,"Travel_Rarely","Sales",14,3,2,"Male",3,5,2,"L","Y",2,3,"Y","Manager",18213,8751,6,"No",11,3,1,"H",26,"N",3,22,9,3,10,49
27,"Travel_Rarely","Production",15,4,3,"Female",3,1,2,"L","Y",1,3,"Y","Machinists ",2811,12086,7,"No",14,2,1,"L",4,"Y",3,2,2,2,2,60
19,"Travel_Rarely","Sales",4,3,4,"Male",2,1,1,"H","N",2,2,"N","Sales Representative",2121,9947,5,"Yes",13,2,0,"L",1,"N",4,1,0,0,0,39
41,"Travel_Frequently","Production",9,4,2,"Male",2,1,3,"L","N",3,3,"Y","Production Supervisors",6401,7041,7,"No",17,1,0,"H",9,"Y",2,10,4,2,2,31
49,"Travel_Frequently","Research & Development",8,4,3,"Female",3,5,1,"H","Y",2,2,"Y","Research Director",18665,25594,9,"Yes",11,4,0,"L",22,"Y",3,3,2,1,2,56
37,"Travel_Rarely","Research & Development",7,2,4,"Male",4,1,2,"L","N",1,1,"N","Research and Design Specialists",4680,15232,3,"No",17,1,0,"L",4,"N",3,1,0,0,0,41
36,"Travel_Rarely","Research & Development",14,3,3,"Female",1,3,1,"L","N",2,3,"Y","Manufacturing Director",10252,4235,1,"Yes",21,3,1,"L",17,"Y",3,7,7,7,7,55
28,"Travel_Rarely","Production",15,4,1,"Male",3,1,2,"L","Y",2,3,"N","Machinists ",3485,14935,2,"No",11,3,0,"L",5,"N",1,0,0,0,0,44
32,"Non-Travel","Sales",24,4,3,"Male",3,2,2,"L","N",2,3,"N","Sales Executive",4465,12069,0,"No",18,1,0,"L",4,"N",3,3,2,2,2,46
29,"Travel_Rarely","Sales",11,3,2,"Female",3,3,2,"L","N",2,2,"Y","Sales Executive",7639,24525,1,"No",22,4,3,"L",10,"Y",2,10,4,1,9,50
38,"Travel_Rarely","Finance",25,4,2,"Male",3,3,1,"L","N",3,1,"Y","Accountant",8686,9555,6,"No",16,4,1,"H",5,"Y",1,7,3,2,6,39
36,"Travel_Rarely","Production",17,4,3,"Female",4,1,1,"L","N",3,2,"N","Machinists ",2743,8269,4,"No",16,3,0,"L",18,"N",3,17,13,15,14,26
33,"Travel_Rarely","Sales",22,3,4,"Female",3,1,1,"L","Y",3,3,"N","Sales Representative",2851,9150,1,"Yes",13,2,0,"L",1,"N",3,1,0,0,0,38
31,"Travel_Rarely","Research & Development",17,1,3,"Male",3,3,2,"H","N",2,2,"N","Manufacturing Director",10648,14394,1,"No",25,4,1,"L",13,"Y",4,13,8,0,8,60
38,"Travel_Rarely","Finance",14,3,1,"Female",3,2,2,"L","Y",2,3,"N","Accountant",8702,9572,3,"Yes",20,3,0,"H",7,"Y",1,2,4,1,4,61
37,"Travel_Rarely","Sales",18,4,4,"Female",2,2,1,"L","Y",2,3,"Y","Sales Executive",6694,24223,9,"Yes",14,3,3,"L",8,"Y",3,1,0,0,0,58
32,"Travel_Rarely","Sales",4,4,3,"Female",3,3,2,"L","Y",2,3,"Y","Sales Executive",10422,24032,1,"No",19,3,2,"L",14,"Y",3,14,10,5,7,70
28,"Travel_Rarely","Sales",24,4,2,"Male",3,2,4,"H","N",3,1,"Y","Sales Executive",5253,20750,1,"No",16,4,0,"H",7,"Y",3,7,5,0,7,65
32,"Non-Travel","Research & Development",11,4,2,"Male",3,1,3,"L","N",3,2,"Y","Research and Design Specialists",2718,17674,9,"No",14,2,0,"L",12,"Y",3,7,7,0,7,76
35,"Travel_Rarely","Finance",17,3,2,"Female",3,3,3,"H","Y",1,3,"Y","Accountant",8184,9002,2,"Yes",20,2,0,"L",6,"Y",3,2,5,1,2,51
34,"Travel_Rarely","Research & Development",13,4,4,"Male",2,1,4,"H","N",2,3,"Y","Research and Design Specialists",2768,8416,3,"No",12,3,1,"H",14,"Y",3,7,3,5,7,67
49,"Travel_Rarely","Research & Development",25,3,3,"Female",3,1,2,"L","Y",3,3,"Y","Research and Design Specialists",3580,10554,4,"No",16,2,1,"L",7,"Y",3,4,2,0,2,60
32,"Travel_Frequently","Finance",6,3,1,"Male",2,2,2,"H","Y",2,2,"Y","Accountant",9798,10778,4,"No",17,2,0,"H",7,"Y",2,4,6,1,2,67
33,"Travel_Rarely","Finance",16,3,1,"Female",3,2,4,"L","N",3,3,"Y","Accountant",8833,9716,6,"Yes",18,4,0,"H",8,"N",3,2,2,2,6,35
38,"Travel_Rarely","Research & Development",16,4,4,"Male",3,2,2,"L","N",2,1,"Y","Manufacturing Director",6553,7259,9,"No",14,2,0,"L",14,"N",3,1,0,0,0,49
25,"Travel_Rarely","Sales",25,3,3,"Male",2,2,2,"H","N",2,1,"Y","Sales Executive",5744,26959,1,"Yes",11,4,0,"H",6,"N",3,6,4,0,3,69
31,"Travel_Rarely","Production",6,2,4,"Male",2,1,2,"H","N",2,3,"Y","Machinists ",2218,16193,1,"No",12,3,1,"H",4,"Y",3,4,2,3,2,62
26,"Travel_Frequently","Research & Development",5,3,1,"Male",3,1,1,"L","N",2,1,"N","Research and Design Specialists",2042,15346,9,"Yes",14,2,1,"L",6,"N",3,3,2,1,2,39
26,"Travel_Rarely","IT_Suppport",5,3,1,"Female",2,3,3,"L","Y",1,2,"Y","IT specialists",5304,5834,4,"No",20,4,0,"H",9,"Y",3,10,3,3,7,56
30,"Travel_Rarely","Research & Development",17,3,3,"Male",4,2,1,"L","Y",2,3,"N","Customercare Representative",5294,9128,8,"No",16,3,1,"L",10,"N",3,7,0,1,7,20
26,"Travel_Rarely","Research & Development",1,3,3,"Female",2,1,2,"H","N",3,3,"Y","Research and Design Specialists",2368,23300,1,"No",19,3,0,"H",5,"Y",2,5,4,4,3,70
25,"Travel_Rarely","Production",3,3,1,"Male",3,1,2,"L","Y",3,3,"Y","Machinists ",3229,4910,4,"No",11,2,1,"H",7,"Y",2,3,2,0,2,70
50,"Travel_Frequently","Production",5,3,2,"Male",2,4,3,"L","N",3,1,"Y","Production Supervisors",6793,7472,5,"Yes",19,4,1,"L",10,"Y",3,7,3,3,5,40
41,"Travel_Rarely","Research & Development",14,3,4,"Male",3,1,2,"L","Y",2,3,"Y","Research and Design Specialists",2782,21412,7,"No",22,1,1,"L",12,"Y",3,5,3,1,0,57
27,"Travel_Frequently","Sales",1,1,3,"Male",3,2,2,"H","N",2,1,"Y","Sales Executive",4342,24008,7,"No",19,2,1,"L",5,"Y",3,4,2,1,1,53
37,"Travel_Frequently","Sales",16,4,3,"Male",1,2,2,"L","Y",1,3,"Y","Sales Executive",9525,7677,5,"No",14,3,2,"L",6,"Y",2,6,3,1,3,73
42,"Travel_Rarely","Production",18,3,2,"Male",3,1,2,"L","N",2,1,"Y","Machinists ",2766,8952,9,"No",22,2,3,"L",7,"Y",2,5,3,0,4,60
51,"Travel_Rarely","Finance",23,3,1,"Male",2,3,1,"L","Y",3,1,"N","Accountant",8012,8813,2,"Yes",15,2,0,"L",5,"Y",1,2,7,1,5,59
52,"Travel_Rarely","Research & Development",23,4,2,"Male",3,3,1,"L","Y",3,2,"Y","Customercare Representative",10445,15322,6,"No",19,4,0,"L",18,"Y",3,8,6,4,0,51
27,"Travel_Frequently","Research & Development",12,3,4,"Male",3,1,4,"L","Y",2,3,"Y","Research and Design Specialists",2580,6297,6,"No",13,3,0,"L",6,"Y",2,4,2,1,2,74
34,"Travel_Rarely","Sales",2,2,2,"Male",4,2,2,"L","Y",3,3,"Y","Sales Executive",6799,22128,3,"No",21,3,2,"H",10,"Y",3,10,8,4,8,59
32,"Travel_Rarely","Sales",17,2,3,"Female",3,1,2,"H","N",3,3,"Y","Sales Representative",3931,20990,2,"No",11,1,1,"L",6,"Y",3,4,3,1,2,53
30,"Travel_Rarely","IT_Suppport",7,1,2,"Female",4,2,3,"L","N",1,3,"Y","Sales Executive",NA,6360,6,"Yes",18,2,1,"H",5,"N",3,6,3,1,7,64
58,"Travel_Rarely","Research & Development",1,3,4,"Male",3,1,2,"H","N",1,3,"N","Research and Design Specialists",2479,26227,4,"No",24,1,0,"L",7,"N",3,1,0,0,0,41
25,"Travel_Rarely","Research & Development",3,1,1,"Male",4,1,2,"H","Y",1,1,"Y","Research and Design Specialists",3424,21632,7,"No",13,3,0,"L",6,"Y",2,4,3,0,1,60
36,"Travel_Rarely","Sales",6,4,2,"Female",2,2,2,"L","N",3,1,"Y","Sales Executive",6652,14369,3,"No",13,1,1,"H",8,"N",2,6,3,0,0,25
35,"Travel_Rarely","Research & Development",15,4,2,"Male",3,2,3,"L","Y",1,1,"Y","Research and Design Specialists",5098,18698,7,"No",19,2,0,"L",10,"Y",3,10,7,0,8,71
32,"Travel_Frequently","IT_Suppport",9,2,3,"Male",2,2,3,"L","N",2,1,"N","Sales Executive",5964,7157,8,"Yes",15,2,0,"H",9,"Y",3,8,4,1,6,75
42,"Travel_Rarely","Research & Development",6,4,2,"Female",4,2,2,"H","N",2,3,"N","Research and Design Specialists",2372,5628,7,"Yes",16,4,0,"H",18,"N",3,1,0,0,0,46
43,"Travel_Rarely","Research & Development",14,3,1,"Male",2,4,1,"H","N",3,2,"Y","Research Director",14336,4345,1,"No",11,3,1,"L",25,"Y",3,25,10,3,9,51
44,"Travel_Frequently","Human Resources",24,5,1,"Male",3,2,4,"L","Y",2,3,"Y","Human Resources",5743,10503,2,"Yes",11,3,0,"H",14,"Y",3,10,7,0,2,82
45,"Travel_Rarely","IT_Suppport",24,3,1,"Male",3,1,3,"H","N",2,1,"Y","IT specialists",10003,11003,8,"No",16,3,0,"H",10,"N",2,10,6,3,5,45
52,"Travel_Rarely","Sales",15,4,3,"Male",2,4,2,"H","N",1,3,"Y","Manager",16856,10084,5,"No",11,1,0,"L",34,"Y",4,34,6,1,16,61
46,"Travel_Rarely","Research & Development",9,3,1,"Male",3,4,2,"H","N",2,2,"Y","Research Director",17861,2288,6,"No",13,3,0,"L",26,"Y",1,3,2,0,1,53
27,"Travel_Rarely","Sales",13,1,2,"Female",2,2,2,"L","N",1,3,"N","Sales Representative",3540,7018,9,"No",21,4,1,"H",9,"N",3,9,8,5,8,45
30,"Travel_Rarely","Production",10,1,4,"Male",3,1,2,"H","Y",3,3,"Y","Machinists ",2693,13335,1,"No",22,2,1,"L",1,"Y",3,1,0,0,0,57
56,"Travel_Rarely","Research & Development",20,2,1,"Female",3,1,4,"H","N",2,3,"Y","Research and Design Specialists",2066,10494,4,"No",22,4,1,"H",5,"Y",4,3,2,1,0,63
46,"Travel_Rarely","Sales",25,3,3,"Female",3,4,4,"H","N",2,2,"Y","Manager",17048,24097,3,"No",23,1,0,"H",28,"Y",3,26,15,15,9,79
25,"Travel_Rarely","Human Resources",25,3,3,"Female",3,1,4,"L","Y",3,2,"Y","Human Resources",2187,19655,6,"No",14,3,0,"L",6,"Y",3,2,0,1,2,65
44,"Travel_Rarely","Research & Development",12,4,2,"Male",4,2,3,"L","Y",2,2,"Y","Customercare Representative",5033,9364,8,"No",15,4,1,"H",10,"Y",3,2,0,2,2,71
37,"Travel_Rarely","IT_Suppport",24,3,1,"Male",3,3,4,"L","Y",2,3,"Y","IT specialists",7110,7821,6,"No",20,3,1,"H",6,"Y",2,10,7,1,5,54
27,"Travel_Rarely","Research & Development",15,3,4,"Female",3,1,2,"H","N",3,3,"N","Research and Design Specialists",2279,11781,1,"No",16,4,0,"L",7,"Y",2,7,7,0,3,59
39,"Travel_Rarely","Finance",24,4,2,"Male",2,2,1,"L","N",2,3,"Y","Accountant",9825,10808,8,"Yes",15,2,0,"L",7,"N",3,7,5,1,7,30
53,"Travel_Rarely","Research & Development",3,4,3,"Male",3,4,2,"H","Y",2,2,"N","Research Director",17584,21016,3,"Yes",16,4,3,"H",21,"Y",2,5,3,1,3,61
48,"Travel_Rarely","Finance",24,4,1,"Male",2,3,1,"L","Y",2,3,"Y","Accountant",9382,10320,9,"No",18,4,1,"L",5,"N",3,3,5,2,3,65
29,"Travel_Rarely","Sales",24,3,4,"Male",3,1,2,"H","N",1,3,"Y","Sales Representative",2297,17967,3,"No",14,4,2,"L",2,"Y",3,2,2,2,2,70
40,"Non-Travel","Sales",24,3,2,"Female",4,4,1,"L","N",3,1,"Y","Sales Executive",13194,17071,7,"Yes",16,4,0,"L",22,"N",2,1,0,0,0,29
45,"Travel_Rarely","Sales",19,2,2,"Male",1,2,2,"H","N",2,2,"Y","Customercare Representative",6632,12388,3,"No",13,1,0,"L",9,"Y",3,8,7,3,1,54
45,"Non-Travel","Research & Development",13,2,1,"Male",2,4,4,"H","N",2,2,"Y","Manager",16792,20462,9,"No",23,4,1,"H",22,"Y",3,20,8,11,8,69
29,"Travel_Rarely","Research & Development",10,1,2,"Male",2,2,2,"H","Y",2,2,"Y","Manufacturing Director",5056,17689,1,"Yes",15,3,1,"L",10,"Y",2,10,7,1,2,61
29,"Travel_Frequently","Sales",3,2,2,"Male",3,2,1,"H","N",2,3,"Y","Sales Executive",4554,20260,1,"No",18,1,0,"L",10,"Y",2,10,7,0,9,55
31,"Travel_Rarely","Sales",15,3,4,"Male",3,2,1,"H","N",2,3,"Y","Sales Executive",7547,7143,4,"No",12,4,3,"L",13,"Y",3,7,7,1,7,56
42,"Travel_Rarely","Research & Development",25,4,3,"Female",3,2,2,"L","N",1,3,"N","Customercare Representative",4089,5718,4,"No",13,2,2,"L",10,"N",3,10,2,2,2,46
26,"Travel_Rarely","Human Resources",6,1,3,"Female",3,1,1,"L","N",2,2,"N","Human Resources",2942,8916,1,"No",23,4,1,"L",8,"N",3,8,7,5,7,39
38,"Travel_Rarely","Research & Development",4,2,4,"Female",2,3,4,"L","N",2,3,"Y","Manufacturing Director",7756,14199,8,"Yes",19,4,1,"L",10,"Y",4,5,4,0,2,65
35,"Travel_Rarely","Research & Development",20,4,2,"Male",1,2,1,"H","N",2,3,"N","Research and Design Specialists",6646,19368,5,"No",13,2,0,"L",17,"Y",3,17,11,11,8,51
40,"Travel_Rarely","Finance",8,4,1,"Male",2,2,1,"L","N",2,3,"Y","Accountant",9255,10181,7,"No",15,2,0,"H",9,"Y",3,8,4,1,6,35
54,"Travel_Rarely","Research & Development",19,3,3,"Female",3,2,3,"L","Y",1,3,"Y","Manufacturing Director",4440,25198,1,"Yes",19,4,0,"L",9,"Y",3,5,2,1,4,76
30,"Travel_Rarely","Production",10,1,2,"Male",2,1,2,"L","Y",2,3,"N","Machinists ",2720,11162,0,"No",13,4,0,"L",6,"N",3,5,3,1,2,44
29,"Travel_Rarely","Production",19,2,2,"Female",2,1,2,"L","N",2,3,"N","Machinists ",2319,6689,4,"Yes",11,4,1,"L",1,"N",3,1,0,0,0,42
40,"Travel_Rarely","Research & Development",6,3,1,"Female",2,3,2,"L","Y",1,1,"Y","Manufacturing Director",10435,25800,5,"No",13,4,2,"L",18,"Y",3,18,15,14,12,50
28,"Travel_Frequently","Production",23,2,3,"Male",2,1,1,"H","Y",2,1,"N","Machinists ",2561,5355,8,"No",11,3,0,"L",8,"N",2,0,0,0,0,38
34,"Travel_Frequently","Research & Development",14,4,4,"Male",3,1,2,"H","Y",3,3,"Y","Research and Design Specialists",3815,5972,1,"Yes",17,4,1,"H",5,"Y",4,5,3,2,0,73
23,"Travel_Rarely","Research & Development",2,3,1,"Male",4,1,1,"L","N",2,1,"N","Research and Design Specialists",2819,8544,2,"No",16,1,1,"L",5,"N",4,3,2,0,2,37
36,"Non-Travel","Production",14,4,2,"Female",3,2,4,"H","N",3,3,"Y","Machinists ",5674,6927,7,"No",15,3,1,"H",11,"Y",3,9,8,0,8,64
41,"Travel_Rarely","Research & Development",1,3,1,"Male",3,1,2,"L","N",2,1,"N","Research and Design Specialists",2451,4609,4,"No",12,1,1,"L",13,"N",3,9,8,1,8,43
53,"Travel_Frequently","Production",19,3,2,"Female",2,5,2,"L","N",2,1,"N","Production Supervisors",5238,5762,7,"Yes",18,2,1,"H",9,"Y",1,5,7,1,7,30
42,"Travel_Frequently","Research & Development",12,4,4,"Female",2,2,2,"L","N",2,3,"N","Customercare Representative",4523,4386,0,"No",11,4,3,"L",7,"N",4,6,5,0,4,19
29,"Travel_Rarely","Finance",21,3,2,"Male",3,3,2,"H","N",3,3,"Y","Accountant",9218,10140,8,"Yes",18,1,1,"H",8,"N",3,4,6,1,4,35
44,"Travel_Rarely","Research & Development",9,3,1,"Female",3,3,2,"L","N",2,2,"Y","Customercare Representative",7978,14075,4,"No",11,4,1,"H",10,"N",3,10,7,0,5,25
42,"Non-Travel","Research & Development",5,1,3,"Male",3,4,2,"L","N",2,2,"Y","Manager",17861,26582,7,"Yes",13,4,0,"L",21,"Y",2,20,8,2,10,66
37,"Travel_Rarely","Finance",19,3,2,"Male",2,2,1,"L","Y",1,3,"Y","Accountant",9477,10425,8,"Yes",16,3,1,"L",5,"Y",2,10,3,2,6,56
46,"Non-Travel","Research & Development",9,4,3,"Female",3,2,2,"L","N",2,3,"N","Manufacturing Director",5258,16044,2,"No",14,3,0,"L",7,"N",4,1,0,0,0,48
52,"Travel_Rarely","Production",8,3,1,"Male",4,5,1,"L","N",2,3,"Y","IT specialists",6794,7473,5,"No",17,3,0,"H",7,"N",2,3,6,2,6,41
55,"Travel_Rarely","Research & Development",22,2,4,"Female",1,5,2,"L","Y",1,2,"Y","Manager",19187,6992,8,"No",14,4,1,"L",23,"Y",3,19,9,9,11,68
28,"Travel_Frequently","Sales",2,3,3,"Male",3,2,1,"L","Y",3,1,"Y","Sales Executive",4898,11827,9,"No",14,4,0,"H",5,"Y",3,4,2,1,3,55
43,"Travel_Rarely","Human Resources",18,3,2,"Male",3,1,2,"L","N",1,1,"Y","Human Resources",3539,5033,5,"No",13,2,0,"H",10,"Y",3,9,7,1,8,85
32,"Travel_Rarely","Research & Development",2,3,3,"Female",2,2,2,"L","N",2,2,"Y","Manufacturing Director",6162,19124,4,"No",12,3,1,"L",14,"N",3,14,13,6,8,44
33,"Travel_Frequently","Sales",17,3,3,"Female",4,2,2,"H","Y",2,2,"Y","Sales Executive",5376,3193,2,"No",19,1,2,"L",10,"Y",3,5,3,1,3,60
25,"Travel_Rarely","Production",14,1,4,"Male",3,1,1,"L","N",2,2,"N","Machinists ",3691,4605,2,"Yes",15,2,1,"L",7,"N",4,7,7,5,6,28
26,"Travel_Rarely","Finance",6,3,2,"Female",2,2,4,"H","N",2,1,"Y","Accountant",9566,10523,2,"Yes",15,4,1,"L",9,"N",3,5,3,1,2,27
53,"Travel_Rarely","Research & Development",15,2,4,"Female",4,2,2,"L","Y",2,3,"N","Manufacturing Director",4450,26250,1,"No",11,3,2,"L",5,"N",3,4,2,1,3,48
33,"Travel_Rarely","Production",15,4,1,"Male",2,2,3,"L","N",3,3,"N","Production Supervisors",5758,6334,7,"Yes",15,1,1,"L",9,"N",1,2,2,1,5,37
32,"Travel_Rarely","Research & Development",2,4,1,"Female",4,2,2,"L","N",2,3,"N","Research and Design Specialists",5055,10557,7,"No",16,3,0,"L",10,"N",2,7,7,0,7,45
38,"Travel_Frequently","Research & Development",22,3,1,"Male",2,2,2,"H","Y",1,3,"Y","Customercare Representative",6288,4284,6,"No",15,3,1,"L",13,"Y",2,4,3,1,2,70
45,"Travel_Frequently","Production",11,3,1,"Male",3,3,2,"H","N",2,2,"Y","Machinists ",5210,20308,1,"No",18,1,1,"H",24,"Y",3,24,9,9,11,62
28,"Non-Travel","Research & Development",22,3,3,"Male",3,1,4,"L","Y",3,2,"Y","Research and Design Specialists",2144,2122,7,"No",14,3,0,"L",5,"Y",2,5,3,1,4,63
29,"Travel_Rarely","IT_Suppport",8,3,2,"Female",3,5,2,"L","Y",2,3,"Y","IT specialists",9224,10146,4,"No",17,1,1,"H",7,"Y",2,8,2,1,4,78
37,"Travel_Rarely","Research & Development",15,3,4,"Female",2,2,2,"H","Y",2,3,"Y","Manufacturing Director",6474,9961,6,"No",13,2,1,"L",14,"Y",2,14,8,3,11,70
45,"Travel_Rarely","Sales",18,2,3,"Female",3,2,4,"H","N",2,3,"Y","Sales Executive",5006,6319,4,"Yes",11,1,1,"H",9,"Y",4,5,4,0,3,69
25,"Travel_Rarely","Sales",1,4,3,"Male",3,2,3,"L","Y",1,3,"Y","Sales Executive",4950,20623,5,"No",14,2,0,"L",5,"Y",3,4,3,1,1,88
41,"Travel_Rarely","Research & Development",19,2,3,"Male",3,2,2,"H","N",3,3,"Y","Research and Design Specialists",3072,19877,2,"No",16,1,2,"L",17,"Y",2,1,0,0,0,57
29,"Travel_Rarely","Production",25,1,2,"Female",3,1,1,"H","Y",2,3,"N","Machinists ",3131,26342,6,"No",13,1,1,"L",10,"N",3,10,8,0,8,47
36,"Travel_Frequently","Research & Development",21,3,3,"Male",3,1,1,"L","N",3,2,"N","Research and Design Specialists",3692,9256,3,"No",12,3,0,"H",12,"N",2,11,10,0,7,47
35,"Travel_Rarely","Finance",21,4,1,"Female",3,3,3,"L","Y",2,2,"Y","Accountant",8492,9341,8,"Yes",17,4,0,"L",5,"Y",3,3,6,1,6,57
45,"Travel_Rarely","Sales",23,3,4,"Male",3,3,2,"L","N",2,3,"Y","Sales Executive",10761,19239,7,"Yes",12,3,1,"L",18,"N",3,5,4,0,2,49
29,"Travel_Rarely","Finance",10,4,2,"Female",2,2,4,"L","N",3,1,"Y","Accountant",8270,9097,2,"Yes",16,1,1,"H",8,"N",1,9,5,3,7,43
45,"Travel_Rarely","Finance",8,4,2,"Female",2,2,2,"L","N",2,3,"Y","Accountant",9064,9970,9,"Yes",17,4,1,"H",8,"N",2,6,4,2,3,50
34,"Travel_Frequently","Research & Development",9,3,4,"Male",2,2,4,"H","N",2,1,"Y","Customercare Representative",5343,25755,7,"No",20,3,0,"H",14,"Y",3,13,9,4,9,79
20,"Travel_Rarely","Research & Development",5,1,4,"Male",3,1,2,"L","N",2,3,"N","Research and Design Specialists",1009,26999,9,"Yes",11,4,0,"L",1,"N",3,1,0,1,1,36
33,"Travel_Rarely","Sales",7,4,1,"Female",3,2,1,"H","N",3,1,"Y","Sales Executive",8224,18385,9,"Yes",17,1,0,"L",6,"N",3,5,2,0,3,35
35,"Travel_Rarely","Sales",22,4,3,"Male",3,2,2,"L","N",2,2,"Y","Sales Executive",8966,21026,9,"Yes",15,4,3,"L",15,"Y",3,7,7,1,7,57
30,"Travel_Rarely","Sales",6,1,4,"Male",3,1,2,"L","N",2,1,"N","Sales Representative",2983,18398,0,"No",14,1,0,"L",4,"N",3,3,2,1,2,42
40,"Travel_Rarely","Sales",22,2,1,"Male",3,2,4,"H","Y",2,2,"Y","Sales Executive",5473,19345,9,"No",12,4,0,"H",9,"Y",4,8,4,7,1,63
51,"Travel_Rarely","IT_Suppport",20,3,1,"Male",2,2,2,"L","Y",2,3,"Y","IT specialists",9897,10887,2,"Yes",15,1,1,"L",7,"Y",3,5,7,3,4,62
29,"Travel_Rarely","Research & Development",22,4,2,"Male",2,3,2,"H","N",2,2,"Y","Research Director",11935,21526,1,"No",18,3,0,"H",10,"Y",3,10,2,0,7,70
43,"Travel_Rarely","Research & Development",22,4,3,"Female",3,2,2,"H","N",1,2,"Y","Customercare Representative",4522,2227,4,"Yes",14,4,0,"L",8,"Y",3,5,2,0,2,57
25,"Travel_Rarely","Sales",13,1,3,"Male",2,2,2,"L","N",2,3,"N","Sales Executive",4256,18154,5,"No",12,1,0,"L",5,"N",4,5,2,0,3,45
31,"Travel_Rarely","Research & Development",25,3,1,"Female",2,1,2,"H","Y",3,2,"N","Research and Design Specialists",1261,22262,7,"No",12,3,0,"H",1,"N",4,1,0,0,0,42
49,"Travel_Frequently","Research & Development",1,1,2,"Male",3,5,2,"L","Y",3,3,"Y","Research Director",19161,13738,9,"No",15,4,0,"L",28,"Y",3,5,4,4,3,62
42,"Non-Travel","Human Resources",13,5,4,"Male",4,2,2,"H","N",2,2,"Y","Human Resources",6272,12858,8,"No",16,1,1,"L",10,"Y",4,4,3,0,3,70
34,"Travel_Rarely","Research & Development",11,5,2,"Male",3,1,4,"H","N",2,2,"Y","Research and Design Specialists",2691,7660,2,"No",12,4,1,"L",10,"Y",2,10,9,8,8,67
38,"Travel_Frequently","Production",17,2,4,"Male",3,1,4,"H","N",2,2,"N","Machinists ",1702,12106,1,"Yes",23,3,1,"H",1,"Y",3,1,0,0,0,64
22,"Travel_Rarely","Production",6,1,3,"Male",3,1,2,"L","Y",2,3,"N","Machinists ",2523,19299,0,"No",14,3,1,"L",3,"N",3,2,1,2,1,44
37,"Travel_Rarely","Finance",6,4,2,"Female",2,3,1,"L","Y",1,1,"Y","Accountant",8170,8987,8,"Yes",19,1,1,"L",6,"Y",3,3,5,1,3,55
35,"Travel_Rarely","Sales",13,3,4,"Female",3,1,1,"L","N",2,2,"N","Sales Representative",2014,9687,1,"No",13,1,0,"L",2,"Y",3,2,2,2,2,31
32,"Travel_Rarely","Finance",21,3,1,"Male",3,2,2,"L","Y",3,1,"N","Accountant",8255,9081,1,"Yes",15,4,0,"L",10,"N",2,3,4,1,7,56
35,"Non-Travel","Research & Development",18,4,4,"Female",3,2,1,"H","N",3,3,"Y","Customercare Representative",5093,4761,2,"No",11,1,1,"L",16,"Y",4,1,0,0,0,51
60,"Travel_Rarely","Research & Development",25,4,3,"Male",1,3,2,"L","Y",3,3,"Y","Customercare Representative",10883,20467,7,"No",20,3,1,"L",19,"Y",4,1,0,0,0,59
29,"Travel_Rarely","Research & Development",20,3,3,"Male",3,1,2,"H","N",3,3,"Y","Research and Design Specialists",2340,22673,1,"No",19,1,0,"L",6,"Y",3,6,5,1,5,57
49,"Travel_Rarely","Finance",16,4,2,"Male",3,2,2,"L","N",1,1,"N","Accountant",9931,10924,9,"No",16,4,0,"H",6,"N",1,5,6,3,3,28
27,"Travel_Rarely","Production",19,1,2,"Male",3,1,4,"H","N",2,3,"Y","Machinists ",2099,7679,8,"No",14,2,0,"H",6,"Y",4,5,0,1,4,65
35,"Non-Travel","Production",17,3,3,"Male",2,1,2,"H","N",2,3,"Y","Machinists ",1281,16900,6,"No",18,3,2,"H",1,"Y",3,1,0,0,0,73
48,"Travel_Rarely","Production",24,2,4,"Male",4,1,2,"L","N",2,2,"Y","Machinists ",2559,16620,4,"No",11,3,0,"L",7,"Y",2,1,0,0,0,62
58,"Travel_Rarely","Sales",10,4,4,"Male",3,4,2,"L","N",2,2,"Y","Sales Executive",13872,24409,0,"No",13,3,0,"L",38,"Y",2,37,10,1,8,33
35,"Travel_Rarely","Research & Development",9,3,3,"Male",2,3,2,"H","N",1,3,"Y","Manufacturing Director",10274,19588,8,"No",18,2,1,"H",15,"Y",4,7,7,6,4,93
55,"Travel_Rarely","Research & Development",7,3,3,"Female",3,4,2,"L","N",1,2,"Y","Manager",16659,23258,2,"Yes",13,3,0,"L",30,"Y",3,5,4,1,2,50
30,"Travel_Rarely","Human Resources",23,3,3,"Male",3,2,4,"H","N",2,2,"Y","Human Resources",6347,13982,0,"Yes",19,4,0,"H",12,"Y",1,11,9,4,7,65
33,"Travel_Rarely","Production",16,3,2,"Male",4,1,1,"L","Y",3,3,"Y","Machinists ",2028,13637,2,"No",18,4,3,"L",14,"Y",3,14,11,2,13,56
28,"Travel_Rarely","Sales",5,1,4,"Male",3,1,4,"L","Y",2,2,"Y","Sales Representative",1052,23384,6,"No",22,2,0,"L",1,"Y",3,1,0,0,0,64
51,"Travel_Rarely","Finance",16,4,2,"Male",2,2,2,"L","Y",1,2,"Y","Accountant",9223,10145,2,"Yes",17,3,0,"L",7,"N",1,4,6,1,5,79
47,"Travel_Frequently","Finance",2,3,2,"Female",3,3,2,"H","Y",2,3,"Y","Accountant",9641,10605,9,"No",17,2,0,"H",5,"Y",1,2,3,3,2,71
21,"Travel_Rarely","Sales",14,1,3,"Male",3,1,2,"L","N",2,3,"N","Customercare Representative",3447,24444,2,"No",11,3,0,"L",3,"N",3,3,2,1,2,49
31,"Travel_Rarely","Sales",6,4,2,"Male",3,2,4,"H","N",1,3,"Y","Sales Executive",4233,11512,2,"No",17,3,0,"H",9,"Y",1,3,1,1,2,65
42,"Non-Travel","Research & Development",16,2,3,"Female",3,2,1,"H","N",2,3,"Y","Manufacturing Director",5265,16439,2,"No",16,2,1,"L",11,"Y",3,5,3,0,2,55
23,"Travel_Rarely","Production",16,1,4,"Male",2,1,2,"L","Y",3,3,"N","Machinists ",3989,20586,1,"Yes",11,1,0,"L",5,"N",3,5,4,1,2,33
52,"Non-Travel","Sales",22,4,1,"Male",2,5,4,"H","Y",2,2,"Y","Manager",19068,21030,1,"Yes",18,4,0,"H",33,"Y",4,33,7,15,12,79
51,"Travel_Rarely","Finance",23,4,2,"Male",2,3,1,"L","Y",2,2,"N","Accountant",9621,10583,1,"Yes",18,3,1,"L",10,"N",3,5,5,3,4,55
49,"Travel_Rarely","Finance",13,3,1,"Male",2,2,2,"L","Y",2,1,"Y","Accountant",9208,10129,2,"Yes",15,1,0,"H",8,"Y",3,7,5,3,7,70
45,"Travel_Rarely","Sales",2,2,4,"Female",3,4,2,"L","N",1,3,"Y","Manager",17650,5404,9,"No",13,2,1,"L",26,"N",4,9,3,1,1,49
29,"Travel_Rarely","Research & Development",25,3,3,"Male",3,1,2,"H","N",3,3,"Y","Research and Design Specialists",2058,19757,0,"No",14,4,0,"H",7,"Y",2,6,2,1,5,62
35,"Travel_Rarely","Sales",4,4,1,"Female",3,1,1,"L","N",3,1,"N","Sales Representative",2572,20317,6,"No",16,2,1,"L",3,"N",2,3,2,0,2,37
42,"Travel_Rarely","Sales",2,1,2,"Male",3,2,2,"H","N",2,3,"Y","Sales Executive",4907,24532,1,"No",25,3,0,"H",20,"Y",3,20,16,11,6,70
34,"Travel_Rarely","Research & Development",22,3,2,"Female",2,1,4,"L","Y",2,2,"Y","Research and Design Specialists",2929,20338,1,"No",12,2,0,"L",10,"Y",3,10,9,8,7,64
41,"Travel_Frequently","Sales",9,3,3,"Female",3,2,2,"L","N",1,3,"Y","Sales Executive",4103,4297,3,"No",17,4,1,"L",10,"Y",3,9,3,1,7,62
29,"Travel_Frequently","Research & Development",2,3,4,"Male",4,2,4,"L","Y",3,3,"Y","Customercare Representative",6294,23060,5,"Yes",12,4,0,"L",10,"Y",4,3,2,0,2,80
24,"Travel_Frequently","Production",5,3,2,"Male",3,1,1,"H","N",2,2,"N","Machinists ",3172,16998,9,"Yes",11,3,0,"L",4,"N",2,0,0,0,0,27
26,"Travel_Rarely","Research & Development",13,2,2,"Female",2,1,2,"L","Y",1,3,"Y","Research and Design Specialists",2933,14908,3,"Yes",13,3,1,"H",1,"Y",2,1,0,1,0,59
22,"Travel_Rarely","Production",1,1,3,"Female",3,1,2,"L","N",1,2,"Y","Machinists ",2398,15999,1,"Yes",17,3,0,"H",1,"Y",3,1,0,0,0,68
53,"Travel_Rarely","Research & Development",14,3,3,"Male",4,4,1,"H","N",2,3,"Y","Research Director",14814,13514,5,"No",19,3,0,"L",32,"Y",3,5,1,1,3,55
36,"Non-Travel","Research & Development",7,4,1,"Male",3,2,2,"H","Y",2,2,"Y","Manufacturing Director",7779,23238,4,"No",20,1,0,"L",18,"Y",3,11,9,0,9,59
33,"Travel_Rarely","Research & Development",11,3,1,"Male",3,1,2,"L","N",3,1,"Y","Research and Design Specialists",2781,6311,1,"No",13,2,1,"L",15,"Y",3,14,10,4,10,59
40,"Travel_Rarely","Research & Development",2,1,2,"Female",4,2,3,"H","N",2,1,"Y","Customercare Representative",6377,13888,8,"No",20,2,3,"L",15,"Y",3,12,11,11,8,83
38,"Travel_Rarely","Sales",5,3,2,"Female",3,2,2,"H","N",1,2,"Y","Sales Executive",4198,16379,3,"No",12,2,0,"H",8,"Y",4,3,2,1,2,57
34,"Travel_Frequently","Research & Development",22,2,4,"Male",3,2,2,"L","Y",2,1,"Y","Manufacturing Director",4033,15834,8,"No",11,4,0,"L",5,"Y",2,3,2,0,2,60
53,"Travel_Rarely","Finance",14,3,2,"Male",3,3,2,"L","N",3,3,"Y","Accountant",9596,10556,3,"Yes",19,4,1,"L",5,"N",1,9,6,1,7,45
54,"Non-Travel","Human Resources",6,3,4,"Female",4,4,1,"L","N",2,2,"Y","Manager",17328,13871,2,"Yes",12,3,0,"L",23,"N",3,5,3,4,4,48
25,"Travel_Rarely","Research & Development",11,1,4,"Male",2,1,2,"L","N",2,3,"N","Research and Design Specialists",2889,26897,1,"No",11,3,2,"L",2,"N",3,2,2,2,1,43
49,"Travel_Rarely","Finance",10,3,1,"Male",3,2,3,"H","N",2,3,"Y","Accountant",9050,9955,7,"Yes",18,1,1,"H",10,"N",3,9,6,2,6,31
46,"Non-Travel","Sales",11,2,2,"Male",2,2,2,"L","Y",3,2,"N","Sales Executive",7991,25166,2,"No",15,3,0,"H",6,"Y",3,2,2,2,2,52
36,"Travel_Rarely","Finance",18,3,2,"Male",2,3,2,"L","Y",2,2,"Y","Accountant",8774,9651,4,"No",16,3,1,"H",6,"Y",1,3,3,2,2,63
49,"Travel_Rarely","Research & Development",14,2,1,"Male",2,5,2,"L","Y",2,3,"Y","Manager",18711,12124,6,"No",13,3,1,"L",23,"Y",4,1,0,0,0,66
29,"Travel_Frequently","Research & Development",12,2,4,"Male",2,1,1,"L","N",2,2,"N","Research and Design Specialists",2439,14753,7,"Yes",24,2,0,"L",1,"N",2,1,0,1,0,21
31,"Travel_Rarely","Research & Development",19,1,3,"Female",3,1,1,"L","Y",2,1,"N","Research and Design Specialists",3929,6984,8,"Yes",23,3,1,"L",7,"N",3,4,2,0,2,38
34,"Travel_Rarely","Research & Development",18,4,4,"Male",4,1,3,"L","Y",1,3,"Y","Research and Design Specialists",2932,5586,1,"Yes",14,1,3,"H",6,"Y",3,5,0,1,2,84
27,"Travel_Frequently","Sales",1,3,4,"Male",3,3,2,"L","Y",2,2,"Y","Sales Executive",8726,2975,1,"No",15,4,0,"L",9,"N",3,9,8,1,7,45
43,"Travel_Rarely","Research & Development",15,3,3,"Male",1,5,2,"H","N",2,2,"Y","Research Director",19740,18625,3,"No",14,2,1,"L",25,"Y",3,8,7,0,7,66
26,"Travel_Rarely","Sales",23,3,4,"Male",2,2,2,"L","N",1,3,"N","Sales Executive",5326,3064,5,"No",17,3,0,"L",6,"N",2,4,3,1,2,41
27,"Travel_Rarely","Research & Development",23,4,2,"Male",3,1,3,"L","Y",2,1,"Y","Research and Design Specialists",2226,6073,6,"No",11,3,1,"L",6,"Y",2,5,3,1,2,83
31,"Travel_Frequently","Production",20,2,3,"Male",2,1,2,"L","N",2,3,"N","Machinists ",3479,11652,0,"No",11,2,0,"L",6,"N",4,5,4,1,4,11
42,"Travel_Rarely","Research & Development",17,3,4,"Male",3,3,1,"L","N",2,2,"Y","Manufacturing Director",7406,6950,1,"Yes",21,4,1,"L",10,"N",2,10,9,5,8,29
44,"Travel_Rarely","Finance",17,3,2,"Male",3,3,2,"L","Y",2,2,"N","Accountant",9012,9913,8,"Yes",18,4,0,"L",7,"N",3,6,6,3,7,60
29,"Travel_Rarely","Research & Development",2,4,3,"Female",3,1,1,"L","N",1,1,"N","Research and Design Specialists",2514,26968,6,"No",22,1,1,"L",11,"N",3,7,5,1,7,47
28,"Travel_Rarely","Production",8,4,2,"Male",4,3,4,"H","Y",2,1,"Y","IT specialists",6387,7026,7,"No",18,4,0,"H",7,"Y",3,8,6,2,7,68
34,"Travel_Rarely","Research & Development",15,4,4,"Male",2,2,3,"H","N",2,3,"N","Manufacturing Director",5957,23687,6,"No",13,2,1,"H",13,"Y",3,11,9,5,9,84
33,"Travel_Rarely","Finance",12,3,1,"Female",2,2,1,"L","Y",2,2,"Y","Accountant",8472,9319,6,"Yes",18,2,0,"L",7,"N",1,8,6,1,5,77
53,"Travel_Frequently","Finance",7,3,2,"Male",2,3,2,"L","N",2,3,"Y","Accountant",9497,10447,7,"No",15,4,1,"L",10,"N",1,8,2,2,6,50
40,"Travel_Frequently","Production",15,4,1,"Male",2,2,4,"H","Y",2,3,"Y","Machinists ",5094,11983,1,"No",14,4,0,"L",10,"Y",3,1,0,0,0,67
35,"Travel_Rarely","Finance",16,4,1,"Male",2,3,2,"L","Y",2,3,"Y","Accountant",9881,10869,4,"Yes",16,2,0,"L",8,"N",2,8,5,3,7,85
36,"Travel_Rarely","Sales",2,3,1,"Female",2,3,2,"L","Y",1,3,"Y","Sales Executive",7644,12695,4,"No",19,3,2,"L",10,"Y",3,9,7,3,4,68
50,"Travel_Rarely","Production",15,3,3,"Male",2,1,2,"H","N",3,3,"Y","Machinists ",3690,3425,2,"No",15,4,1,"L",5,"Y",2,3,2,0,2,60
35,"Non-Travel","Research & Development",17,2,2,"Male",3,2,2,"L","Y",3,3,"Y","Manufacturing Director",5762,24442,1,"No",14,3,1,"H",15,"Y",3,7,7,1,7,68
40,"Travel_Rarely","Sales",17,3,3,"Male",3,2,4,"L","Y",1,2,"Y","Sales Executive",8396,22217,3,"No",14,2,1,"L",8,"Y",2,7,7,7,5,65
41,"Travel_Rarely","IT_Suppport",11,3,1,"Male",3,4,4,"L","Y",3,1,"Y","IT specialists",6073,6680,2,"No",18,4,0,"L",6,"Y",2,7,2,2,7,79
25,"Travel_Frequently","Finance",1,3,2,"Female",3,2,3,"L","N",1,3,"Y","Accountant",8832,9715,3,"No",20,2,0,"L",8,"N",2,7,5,1,6,36
32,"Travel_Rarely","Finance",3,4,1,"Male",2,3,1,"L","Y",2,1,"Y","Accountant",9512,10463,8,"No",18,1,0,"L",8,"Y",1,3,2,3,2,69
40,"Travel_Rarely","Production",3,2,3,"Female",3,1,4,"L","Y",3,2,"Y","Machinists ",3377,25605,4,"No",17,4,1,"H",7,"Y",2,4,3,0,2,63
38,"Travel_Rarely","Research & Development",12,2,3,"Male",2,3,2,"L","N",2,2,"N","Research Director",11510,15682,0,"Yes",14,2,1,"L",12,"N",3,11,10,2,9,44
39,"Travel_Frequently","Sales",10,3,3,"Male",3,2,2,"L","Y",2,1,"Y","Sales Executive",4127,19188,9,"No",18,4,1,"H",7,"Y",3,2,1,2,2,59
42,"Travel_Rarely","Research & Development",5,3,2,"Male",4,2,4,"L","Y",1,1,"N","Customercare Representative",5538,5696,4,"No",18,3,2,"H",10,"Y",2,0,0,0,0,67
47,"Travel_Rarely","Research & Development",7,5,4,"Male",3,5,4,"H","N",2,2,"Y","Research Director",18300,16375,4,"No",11,2,1,"H",21,"Y",3,3,2,1,1,80
38,"Travel_Rarely","Research & Development",5,3,4,"Male",3,1,2,"L","Y",3,2,"Y","Research and Design Specialists",3944,4306,5,"Yes",11,3,0,"H",6,"Y",3,3,2,1,2,62
20,"Travel_Rarely","Production",9,3,1,"Male",2,1,4,"L","N",2,1,"Y","Machinists ",3033,12828,2,"No",12,1,0,"L",2,"Y",2,2,2,1,2,64
42,"Travel_Rarely","Finance",16,3,2,"Female",2,2,2,"L","Y",1,3,"N","Accountant",8200,9020,4,"Yes",19,2,1,"H",5,"N",3,8,2,2,4,79
34,"Travel_Rarely","Finance",13,3,2,"Male",3,3,1,"L","N",2,2,"N","Accountant",9629,10592,2,"Yes",15,3,0,"H",6,"Y",2,9,2,3,4,36
55,"Travel_Rarely","Production",1,3,2,"Male",4,3,1,"L","N",1,2,"Y","Production Supervisors",6812,7493,2,"Yes",18,4,0,"H",7,"Y",2,3,4,1,2,34
37,"Travel_Rarely","IT_Suppport",20,4,2,"Male",3,2,2,"L","Y",3,3,"Y","IT specialists",8648,9513,5,"No",16,4,1,"L",8,"Y",3,3,7,1,7,65
26,"Travel_Rarely","Production",15,3,3,"Male",4,1,2,"L","Y",2,3,"Y","Machinists ",3578,23577,5,"No",12,4,0,"H",8,"Y",3,7,7,0,7,73
54,"Travel_Rarely","Finance",17,4,2,"Female",2,2,2,"L","Y",1,3,"Y","Accountant",9588,10547,2,"Yes",15,2,0,"H",5,"Y",2,10,6,1,6,67
25,"Travel_Rarely","Sales",14,2,2,"Female",2,2,2,"H","N",1,3,"Y","Sales Executive",4487,12090,1,"Yes",11,2,0,"L",5,"Y",3,5,4,1,3,53
41,"Travel_Rarely","Sales",16,2,2,"Female",3,1,1,"L","N",2,3,"N","Sales Representative",3140,21728,1,"Yes",22,4,0,"L",4,"N",2,4,3,0,2,22
44,"Travel_Rarely","Research & Development",15,1,1,"Female",4,1,2,"L","Y",3,3,"Y","Research and Design Specialists",2011,19982,7,"No",13,4,1,"L",10,"Y",3,10,5,7,7,62
38,"Travel_Rarely","Finance",14,3,2,"Male",2,2,2,"L","Y",1,1,"N","Accountant",8560,9416,2,"Yes",16,1,0,"L",8,"Y",2,2,5,1,3,75
33,"Travel_Rarely","Finance",15,3,1,"Female",2,2,3,"H","Y",2,3,"Y","Accountant",6253,6878,7,"No",15,2,1,"H",6,"Y",2,7,2,1,6,69
33,"Non-Travel","Research & Development",12,3,4,"Male",3,2,2,"L","Y",2,1,"Y","Research and Design Specialists",3055,6194,7,"No",15,4,2,"L",11,"Y",2,9,8,1,7,70
33,"Travel_Rarely","Sales",7,4,1,"Male",3,2,1,"L","N",2,1,"Y","Sales Executive",6392,10589,5,"No",13,4,1,"H",8,"N",1,2,2,2,2,47
26,"Travel_Rarely","Sales",3,3,4,"Female",2,1,2,"L","Y",1,3,"Y","Sales Representative",2966,21378,4,"No",18,4,0,"L",5,"Y",3,4,2,0,0,92
41,"Travel_Rarely","Sales",25,5,2,"Female",3,4,2,"H","N",2,2,"N","Manager",16595,5626,7,"No",16,2,1,"L",22,"Y",3,18,16,11,8,57
45,"Travel_Rarely","Production",11,3,2,"Male",3,2,1,"H","N",3,3,"Y","Machinists ",2348,10901,8,"No",18,3,1,"L",20,"Y",1,17,9,0,15,51
46,"Travel_Frequently","Sales",19,4,1,"Male",3,2,2,"H","N",2,3,"Y","Sales Executive",5772,20445,4,"Yes",21,3,0,"H",14,"Y",3,9,6,0,8,64
31,"Non-Travel","Sales",19,2,4,"Female",3,2,2,"H","N",1,1,"Y","Sales Executive",6932,24406,8,"No",13,4,1,"L",9,"N",2,9,8,0,0,43
26,"Non-Travel","Sales",21,2,2,"Male",1,2,1,"H","N",2,1,"N","Sales Executive",4969,21813,1,"No",18,4,0,"L",7,"N",3,2,2,2,2,47
36,"Travel_Rarely","Research & Development",18,3,3,"Male",3,2,2,"H","Y",2,3,"Y","Customercare Representative",5237,16577,6,"No",13,2,2,"L",17,"Y",2,7,7,7,7,53
42,"Travel_Rarely","IT_Suppport",11,3,2,"Male",2,3,1,"L","N",3,3,"N","IT specialists",5319,5851,5,"Yes",18,3,0,"L",9,"N",3,3,5,2,2,28
36,"Travel_Rarely","Sales",24,4,3,"Female",2,2,1,"H","N",2,3,"Y","Sales Executive",5647,13494,7,"No",13,1,2,"H",11,"Y",2,3,2,0,2,58
39,"Travel_Rarely","Research & Development",13,3,4,"Male",3,2,2,"L","N",2,3,"Y","Manufacturing Director",5295,7693,6,"No",21,3,0,"L",7,"Y",3,5,4,1,0,62
32,"Travel_Frequently","Sales",15,2,4,"Male",1,2,1,"L","N",2,3,"N","Sales Executive",4668,22812,0,"No",17,4,3,"L",9,"N",4,8,7,0,7,47
37,"Travel_Rarely","Sales",11,4,4,"Male",2,2,1,"H","Y",1,1,"Y","Sales Executive",6334,24558,4,"No",19,4,2,"L",9,"Y",3,1,0,0,0,56
34,"Travel_Rarely","Research & Development",8,4,1,"Male",3,3,3,"L","N",2,2,"Y","Accountant",NA,7493,7,"No",20,1,3,"L",12,"Y",2,1,0,0,0,80
31,"Travel_Rarely","Production",19,4,2,"Male",3,1,2,"L","N",2,3,"Y","Machinists ",3477,18103,6,"No",14,4,1,"L",6,"Y",4,5,2,0,3,73
26,"Travel_Rarely","IT_Suppport",11,3,1,"Female",3,3,2,"L","Y",2,3,"Y","IT specialists",9715,10687,9,"No",17,3,0,"H",5,"Y",2,10,7,3,3,77
44,"Travel_Rarely","Human Resources",15,4,1,"Female",2,2,1,"H","N",2,2,"Y","Human Resources",5985,26894,7,"No",11,2,0,"L",10,"Y",4,2,2,0,2,56
41,"Travel_Rarely","Sales",16,3,4,"Male",3,3,3,"L","N",1,3,"Y","Sales Executive",9241,15869,1,"No",12,2,0,"L",10,"Y",3,10,8,8,7,76
46,"Travel_Rarely","Sales",7,1,1,"Male",3,4,2,"H","Y",2,2,"Y","Manager",17465,15596,1,"No",12,4,1,"L",23,"Y",3,12,9,4,9,60
31,"Travel_Rarely","Finance",11,4,2,"Male",3,2,1,"H","Y",2,2,"Y","Accountant",9799,10779,3,"Yes",20,1,0,"L",9,"Y",3,10,5,3,4,78
45,"Travel_Frequently","Sales",4,4,1,"Female",3,2,2,"L","N",3,1,"N","Sales Executive",4286,5630,2,"No",14,4,2,"L",5,"N",3,1,1,0,0,33
29,"Travel_Rarely","Research & Development",22,1,3,"Male",2,1,1,"L","N",2,3,"N","Research and Design Specialists",2389,14961,1,"Yes",13,3,0,"L",4,"N",2,4,3,0,1,15
36,"Non-Travel","Sales",5,4,4,"Male",1,2,1,"L","N",2,3,"N","Sales Executive",5406,10436,4,"No",24,1,1,"H",15,"N",2,15,12,11,11,37
55,"Travel_Rarely","Sales",16,5,3,"Male",2,5,1,"H","N",1,1,"Y","Manager",19586,23037,8,"No",21,3,1,"L",36,"N",3,36,6,2,13,35
29,"Travel_Rarely","Sales",23,3,2,"Female",2,1,2,"H","N",3,3,"N","Sales Representative",2800,23522,9,"Yes",19,3,3,"L",5,"N",3,3,2,0,2,49
33,"Travel_Rarely","Sales",16,4,3,"Male",3,2,1,"H","N",2,2,"Y","Sales Executive",7104,20431,9,"No",12,4,0,"L",6,"Y",3,5,0,1,2,58
47,"Non-Travel","Research & Development",12,4,3,"Male",3,2,2,"L","Y",2,3,"Y","Research and Design Specialists",5467,2125,7,"No",18,3,1,"L",16,"Y",4,8,7,1,7,66
42,"Travel_Rarely","Production",1,4,2,"Female",3,1,2,"H","N",3,2,"Y","Machinists ",2576,20490,3,"No",16,2,1,"H",8,"Y",3,5,2,1,2,62
39,"Non-Travel","Research & Development",12,2,3,"Male",3,3,2,"H","Y",2,1,"Y","Customercare Representative",10920,3449,9,"No",21,2,1,"H",13,"N",3,6,4,0,5,41
54,"Travel_Rarely","Research & Development",24,4,2,"Female",4,3,1,"L","N",2,1,"Y","IT specialists",10773,11850,9,"No",20,2,0,"L",5,"N",1,3,3,2,2,27
27,"Travel_Rarely","Sales",9,3,4,"Male",3,2,2,"H","N",2,3,"Y","Sales Executive",4478,5242,1,"Yes",11,1,0,"H",5,"Y",3,5,4,0,4,70
39,"Travel_Rarely","Research & Development",1,3,3,"Male",4,3,3,"H","N",2,2,"Y","Customercare Representative",9613,10942,0,"No",17,1,3,"H",19,"Y",2,18,10,3,7,83
26,"Travel_Frequently","Sales",24,3,3,"Male",2,2,2,"L","Y",2,2,"Y","Sales Executive",4294,11148,7,"No",12,2,0,"L",7,"Y",3,7,7,0,7,52
38,"Travel_Rarely","Sales",14,3,2,"Male",2,1,4,"H","Y",3,3,"Y","Sales Representative",2899,12102,8,"No",19,4,1,"L",3,"Y",3,2,2,1,2,67
41,"Travel_Rarely","Production",12,4,2,"Male",3,1,2,"H","N",2,3,"N","Machinists ",4766,9051,4,"Yes",11,1,1,"L",6,"N",3,1,0,0,0,49
21,"Travel_Rarely","Sales",10,3,3,"Female",4,1,1,"L","N",1,2,"N","Sales Representative",2716,25422,1,"No",15,4,0,"L",1,"N",3,1,0,0,0,37
34,"Travel_Rarely","Sales",16,3,3,"Female",3,1,2,"L","N",1,2,"N","Sales Representative",2579,2912,9,"Yes",18,4,2,"L",8,"N",3,8,2,0,6,46
24,"Travel_Frequently","Human Resources",5,3,1,"Male",3,1,1,"L","N",2,2,"Y","Human Resources",2145,2097,8,"No",14,4,1,"L",3,"Y",3,2,2,2,1,56
19,"Non-Travel","Research & Development",24,3,1,"Female",2,1,2,"H","N",2,2,"N","Research and Design Specialists",1859,6148,9,"Yes",25,2,0,"H",1,"N",4,1,1,0,0,36
48,"Travel_Rarely","Sales",23,1,1,"Female",3,3,2,"H","N",2,2,"Y","Manager",12504,23978,3,"No",21,2,1,"L",15,"Y",1,0,0,0,0,52
44,"Non-Travel","Production",17,3,3,"Male",2,1,1,"L","Y",2,3,"Y","Machinists ",3162,7973,9,"No",14,4,0,"H",7,"Y",3,5,2,0,3,55
25,"Travel_Rarely","Finance",8,3,1,"Male",2,3,1,"L","Y",3,2,"Y","Accountant",9830,10813,7,"Yes",16,4,1,"L",9,"N",2,8,4,2,5,58
43,"Travel_Rarely","Finance",9,3,1,"Male",2,3,2,"L","Y",2,2,"Y","Accountant",8576,9434,2,"No",20,3,0,"L",10,"N",2,10,3,3,7,85
21,"Travel_Rarely","Sales",18,1,2,"Male",3,1,2,"L","Y",3,2,"N","Sales Representative",2679,4567,8,"No",13,2,0,"H",1,"N",3,1,0,1,0,48
35,"Travel_Frequently","Production",20,4,2,"Female",4,3,3,"L","N",2,3,"Y","Production Supervisors",6058,6664,1,"No",18,1,0,"H",7,"Y",2,9,4,1,2,33
47,"Travel_Rarely","Finance",5,3,1,"Female",2,2,1,"L","N",1,3,"Y","Accountant",9059,9965,2,"Yes",17,1,0,"L",9,"Y",1,6,5,2,5,34
28,"Travel_Rarely","Finance",7,4,1,"Male",2,2,1,"H","N",1,3,"Y","Accountant",9022,9924,8,"Yes",16,3,0,"L",10,"N",3,7,5,3,6,30
26,"Travel_Rarely","Sales",14,3,3,"Male",3,2,3,"H","Y",2,3,"Y","Sales Executive",5296,20156,1,"No",17,2,1,"H",8,"Y",3,8,7,7,7,75
25,"Travel_Rarely","Finance",7,4,1,"Male",3,3,4,"H","Y",3,2,"Y","Accountant",9768,10745,1,"Yes",16,4,0,"L",8,"Y",1,7,2,1,7,85
28,"Travel_Rarely","Production",21,3,3,"Male",3,1,4,"L","N",2,1,"N","Machinists ",2408,7324,1,"Yes",17,3,3,"L",1,"N",3,1,1,0,0,0
25,"Travel_Rarely","Sales",6,1,1,"Male",4,2,2,"H","Y",2,3,"Y","Sales Executive",6232,12477,4,"No",11,2,0,"H",6,"Y",2,3,2,1,2,61
43,"Non-Travel","Research & Development",12,3,1,"Male",3,1,3,"L","Y",1,3,"Y","Research and Design Specialists",2438,24978,3,"No",13,3,0,"H",7,"Y",2,3,2,1,2,76
32,"Travel_Rarely","Research & Development",22,2,1,"Male",4,1,3,"H","N",3,3,"Y","Research and Design Specialists",3298,15053,0,"Yes",12,4,2,"H",7,"Y",2,6,2,0,5,76
33,"Travel_Rarely","Sales",6,3,1,"Male",4,2,2,"H","Y",2,1,"Y","Sales Executive",4037,21816,1,"No",22,1,1,"L",9,"Y",3,9,8,0,8,61
42,"Travel_Rarely","IT_Suppport",7,4,3,"Female",3,2,3,"H","Y",3,2,"N","Research and Design Specialists",NA,8689,7,"Yes",17,4,0,"L",8,"Y",1,8,5,2,5,75
35,"Travel_Frequently","Research & Development",6,3,2,"Male",3,1,3,"L","N",1,2,"N","Research and Design Specialists",2194,5868,4,"No",13,4,1,"L",5,"Y",2,3,2,1,2,46
29,"Travel_Frequently","Research & Development",9,4,2,"Male",1,1,4,"H","N",1,3,"N","Research and Design Specialists",2720,18959,9,"No",18,4,1,"L",10,"Y",3,10,7,2,8,65
